0.3656608462333679
0.3008629381656647
0.10998964309692383
0.1029525026679039
0.3132590353488922
0.1178879663348198
0.0821804404258728
0.16416727006435394
0.1687987893819809
0.07107095420360565
0.19186662137508392
0.3912312090396881
0.3599265217781067
0.1570446640253067
0.005668479483574629
0.6010246872901917
0.713996410369873
0.17716717720031738
0.06853555887937546
0.1605842262506485
0.3320392966270447
0.00671335868537426
0.34190669655799866
0.27625247836112976
0.14210566878318787
0.1417980194091797
0.009885069914162159
0.3134804964065552
0.07254812866449356
0.016443267464637756
0.42088958621025085
0.8076412677764893
0.14663054049015045
0.3557642102241516
0.17848889529705048
0.17892038822174072
0.31452566385269165
0.00765030924230814
0.04658844694495201
0.6445795893669128
0.3190053105354309
0.30452558398246765
0.3030477464199066
0.18268387019634247
0.0473485067486763
0.7329267859458923
0.28130629658699036
0.025481753051280975
0.015053236857056618
0.405498206615448
0.10276100039482117
0.018562469631433487
0.045019958168268204
0.23240651190280914
0.660433292388916
0.7075729966163635
0.7039722800254822
0.516753613948822
0.05489102005958557
0.10392839461565018
0.1208944097161293
0.7486995458602905
0.6256042122840881
0.006953397300094366
0.14488500356674194
0.4018327593803406
0.1997806280851364
0.2397184818983078
0.11553707718849182
0.27863186597824097
0.3948289453983307
0.7072309851646423
0.2679367959499359
0.2560528516769409
0.17095665633678436
0.8121818900108337
0.27420106530189514
0.06851240992546082
0.08230840414762497
0.007207989692687988
0.005693202838301659
0.13561749458312988
0.04479314014315605
0.035358112305402756
0.3059796988964081
0.4134376347064972
0.7863947153091431
0.8717734217643738
0.3601531982421875
0.2979540526866913
0.3065831959247589
0.29509982466697693
0.01231387723237276
0.3672100007534027
0.3982158303260803
0.3680378198623657
0.3283737897872925
0.09178915619850159
0.45563825964927673
0.04157083109021187
0.00807144120335579
0.008811499923467636
0.03963416442275047
0.4610501825809479
0.06738046556711197
0.1934279352426529
0.9271981120109558
0.3442343473434448
0.4547221064567566
0.303866982460022
0.25377100706100464
0.4779810309410095
0.43112218379974365
0.25305068492889404
0.12025099992752075
0.31219959259033203
0.28468504548072815
0.0037234651390463114
0.001503310864791274
0.00494869239628315
0.003997484687715769
0.6866191029548645
0.563340425491333
0.14140264689922333
0.0730939507484436
0.9967204332351685
0.9992862343788147
0.9992017149925232
0.9967100024223328
0.9994006156921387
0.2213771492242813
0.02766893431544304
0.10909134149551392
0.24641647934913635
0.8123343586921692
0.8517507314682007
0.8494952321052551
0.7496859431266785
0.8406396508216858
0.22229865193367004
0.2884538471698761
0.009890803135931492
0.21155546605587006
0.20554029941558838
0.13757085800170898
0.48210275173187256
0.11180486530065536
0.33629870414733887
0.4693247973918915
0.48210379481315613
0.06742356717586517
0.7950775623321533
0.13459376990795135
0.34651434421539307
0.9977453947067261
0.9679852724075317
0.8863597512245178
0.9192770719528198
0.9354569315910339
0.9513689279556274
0.04485669732093811
0.06284240633249283
0.09193787723779678
0.1817866861820221
0.2553957998752594
0.1492764800786972
0.48692256212234497
0.0626690462231636
0.4305225908756256
0.2735050618648529
0.9361407160758972
0.9053396582603455
0.9586294889450073
0.960314154624939
0.15203282237052917
0.5417333245277405
0.7897336483001709
0.02193443849682808
0.34119364619255066
0.30619341135025024
0.31815841794013977
0.14140264689922333
0.3775990605354309
0.08208924531936646
0.31869056820869446
0.05129902809858322
0.9810768365859985
0.026538848876953125
0.05670055374503136
0.3380160331726074
0.13336406648159027
0.11625228822231293
0.6156009435653687
0.08959170430898666
0.2238103449344635
0.06779689341783524
0.09954524785280228
0.021826811134815216
0.47148609161376953
0.7726029753684998
0.07264655828475952
0.00044240779243409634
0.0385066382586956
0.0825423002243042
0.10299639403820038
0.8430658578872681
0.28400886058807373
0.8162843585014343
0.7380772233009338
0.6063655614852905
0.31766146421432495
0.09440863877534866
0.967088520526886
0.5821711421012878
0.0737026110291481
0.07652996480464935
0.11896011233329773
0.2217591106891632
0.015724219381809235
0.25104692578315735
0.019178971648216248
0.7242152690887451
0.1897013783454895
0.8618953824043274
0.7909795045852661
0.6019706130027771
0.4977751672267914
0.2029818296432495
0.16953663527965546
0.744871199131012
0.03141705319285393
0.02652113139629364
0.08515547215938568
0.23168548941612244
0.06014753505587578
0.8985514640808105
0.0905136987566948
0.049034371972084045
0.06796661764383316
0.23959341645240784
0.03427979350090027
0.005034714005887508
0.07268531620502472
0.07111478596925735
0.2805051803588867
0.280568391084671
0.9969400763511658
0.9795244932174683
0.37644481658935547
0.029657458886504173
0.12384333461523056
0.24595953524112701
0.06480112671852112
0.22761037945747375
0.2152910679578781
0.16004766523838043
0.01611647941172123
0.019131628796458244
0.01245228759944439
0.3010827302932739
0.028246451169252396
0.29859092831611633
0.5701758861541748
0.426664263010025
0.27807310223579407
0.1201099082827568
0.13922373950481415
0.08847719430923462
0.31044068932533264
0.1297471523284912
0.39674776792526245
0.011071920394897461
0.03331002965569496
0.06208263337612152
0.9207097887992859
0.9441877007484436
0.9738763570785522
0.9927074313163757
0.014397685416042805
0.12271928042173386
0.8639974594116211
0.15538078546524048
0.1313953399658203
0.01747109740972519
0.2258160412311554
0.28498610854148865
0.058114781975746155
0.07373315840959549
0.09298601746559143
0.11640927195549011
0.08740038424730301
0.1362694501876831
0.49431535601615906
0.2165074646472931
0.009164979681372643
0.17785188555717468
0.6747027635574341
0.5209745168685913
0.21646176278591156
0.14559626579284668
0.009897281415760517
0.9782362580299377
0.007316058035939932
0.051816072314977646
0.30632391571998596
0.13918368518352509
0.3696456849575043
0.2227795124053955
0.23245538771152496
0.0006315774517133832
4.1400860936846584e-05
0.27844172716140747
0.18191878497600555
0.15974938869476318
0.1075151264667511
0.4440899193286896
0.0015712520107626915
0.24204833805561066
0.1539076715707779
0.5309770703315735
0.5198602676391602
0.22565068304538727
0.21003782749176025
0.20126879215240479
0.007600502576678991
0.03146596625447273
0.049254968762397766
0.02390415221452713
0.12757647037506104
0.9749212265014648
0.5109676122665405
0.6319519281387329
0.2904716432094574
0.9576069712638855
0.8723540902137756
0.05751015618443489
0.9564031362533569
0.9427172541618347
0.02804878167808056
0.15546447038650513
0.027807554230093956
0.056887079030275345
0.45202910900115967
0.28782936930656433
0.5277324318885803
0.002579647349193692
0.06569336354732513
0.008205447345972061
0.09313953667879105
0.11644699424505234
0.13597530126571655
0.1501942127943039
0.13597530126571655
0.01639033481478691
0.025049244984984398
0.0537710078060627
0.027716808021068573
0.9826792478561401
0.7635038495063782
0.1182238981127739
0.25956177711486816
0.1244434043765068
0.05685419589281082
0.08024577051401138
0.003836712334305048
0.07360593974590302
0.3254518210887909
0.632895827293396
0.5892934799194336
0.5179992914199829
0.3605247139930725
0.3992089033126831
0.4065369665622711
0.20449073612689972
0.061630863696336746
0.7707546949386597
0.379136323928833
0.034738510847091675
0.005164522677659988
0.06159156933426857
0.032025404274463654
0.0048795053735375404
0.18072178959846497
0.1268848180770874
0.36408376693725586
0.3039790987968445
0.14158906042575836
0.10818116366863251
0.2818603217601776
0.11575724184513092
0.31090015172958374
0.003894766792654991
0.23459871113300323
0.14438419044017792
0.2064112424850464
0.2064112424850464
0.2511945068836212
0.0019025907386094332
0.02835792303085327
0.23307126760482788
0.34972670674324036
0.0016109939897432923
0.19540879130363464
0.0932597741484642
0.3582884967327118
0.699926495552063
0.8404052257537842
0.10054530948400497
0.43906939029693604
0.4362308382987976
0.49278509616851807
0.02013997547328472
0.015458950772881508
0.21577806770801544
0.6008092164993286
0.5470755100250244
0.1798875778913498
0.10094896703958511
0.03848464787006378
0.0330849252641201
0.44787168502807617
0.05501239374279976
0.3392275869846344
0.045243632048368454
0.06108085438609123
0.013201314955949783
0.11219512671232224
0.14296458661556244
0.08763447403907776
0.05681362748146057
0.00409066304564476
0.002156795933842659
0.002214025938883424
0.03847113624215126
0.07097874581813812
0.01111691351979971
0.48756468296051025
0.6257667541503906
0.9861360192298889
0.9885112047195435
0.012329299934208393
0.29437631368637085
0.044121161103248596
0.10103899985551834
0.028987005352973938
0.03345173969864845
0.0955263301730156
0.4310946464538574
0.08373697847127914
0.07222802937030792
0.12695451080799103
0.3735804855823517
0.009460831992328167
0.4531436860561371
0.3506939709186554
0.3479401767253876
0.05595651641488075
0.43439969420433044
0.01426127552986145
0.019115157425403595
0.014182542450726032
0.04056042432785034
0.21860504150390625
0.052437689155340195
0.48756468296051025
0.9212166666984558
0.40429601073265076
0.3154257833957672
0.05931960046291351
0.17341408133506775
0.309814453125
0.2061624974012375
0.2587868273258209
0.8660765886306763
0.549126923084259
0.34953346848487854
0.30112728476524353
0.2927464544773102
0.013864756561815739
0.03856981545686722
0.1515490561723709
0.4159482717514038
0.06866026669740677
0.0002502694260329008
0.04593106359243393
0.06753050535917282
0.006236909423023462
0.03653246909379959
0.03857355937361717
0.5417361259460449
0.10184386372566223
0.31405648589134216
0.06320830434560776
0.22726787626743317
0.017383452504873276
0.22518017888069153
0.581557035446167
0.36370226740837097
0.2592540979385376
0.8427433371543884
0.7054124474525452
0.6821532845497131
0.12775172293186188
0.0355842150747776
0.5823426246643066
0.40299323201179504
0.4203243851661682
0.4570411443710327
0.08996959775686264
0.16249437630176544
0.42937609553337097
0.3881160616874695
0.6124117970466614
0.05912899225950241
0.005529237911105156
0.22253203392028809
0.07799717783927917
0.2583838701248169
0.042330075055360794
0.029116440564393997
0.23586714267730713
0.009973360225558281
0.08407583832740784
0.0830797404050827
0.01265274453908205
0.3746930956840515
0.16362778842449188
0.9194276332855225
0.03207433223724365
0.00787791982293129
0.09160038083791733
0.01581491343677044
0.3523648977279663
0.3287772536277771
0.40774160623550415
0.22554969787597656
0.027700642123818398
0.008494132198393345
0.03171144425868988
0.22264403104782104
0.19051234424114227
0.02721305377781391
0.143278107047081
0.2993800938129425
0.3523648977279663
0.12025099992752075
0.07276337593793869
0.03090270608663559
0.19045186042785645
0.0891033187508583
0.4663271903991699
0.5358619689941406
0.485391765832901
0.6029344201087952
0.9691388010978699
0.018213748931884766
0.04722355678677559
0.058090940117836
0.018631601706147194
0.7761039137840271
0.09123863279819489
0.0521269366145134
0.093814417719841
0.12915590405464172
0.03837178274989128
0.06263416260480881
0.002082339022308588
0.0276496522128582
0.06571075320243835
0.2412828505039215
0.12178093940019608
0.24504739046096802
0.14579211175441742
0.04815780743956566
0.058585550636053085
0.026229355484247208
0.005285380408167839
0.046826791018247604
0.01622830517590046
0.019147736951708794
0.4340379536151886
0.8093578815460205
0.6411208510398865
0.07253610342741013
0.07293009012937546
0.006504573859274387
0.061646148562431335
0.007757855579257011
0.2617122232913971
0.11874310672283173
0.05032380297780037
0.11957579851150513
0.15847310423851013
0.1642330437898636
0.40914055705070496
0.038358867168426514
0.05809124559164047
0.0016923000803217292
0.01796157844364643
0.08871980011463165
0.0016960485372692347
0.36771804094314575
0.2296988070011139
0.06486988067626953
0.11990652978420258
0.071801096200943
0.2637253999710083
0.1817854940891266
0.05058269947767258
0.2500666081905365
0.46344542503356934
0.001216580276377499
0.0484156496822834
0.7423722147941589
0.8519846796989441
0.8294747471809387
0.23034341633319855
0.021320868283510208
0.025790706276893616
0.011690971441566944
0.11823683977127075
0.05581311136484146
0.9860529899597168
0.2957426905632019
0.811210572719574
0.5697243809700012
0.006802652031183243
0.0037675807252526283
0.08553087711334229
0.017099589109420776
0.015538292936980724
1.9538356355042197e-05
0.030485786497592926
0.009443339891731739
0.6364051699638367
0.2988932132720947
0.3080456554889679
0.3081382215023041
0.6355429887771606
0.03281182050704956
0.07934781908988953
0.40297624468803406
0.2720133662223816
0.1866026520729065
0.3381953537464142
0.26503899693489075
0.08189805597066879
0.4577990472316742
0.21079686284065247
0.2589562237262726
0.12393862009048462
0.009592179208993912
0.2754880487918854
0.012522747740149498
0.09965422004461288
0.12873318791389465
0.4711969792842865
0.026862142607569695
0.020399462431669235
0.3292565643787384
0.13656018674373627
0.11082122474908829
0.11039004474878311
0.5145012140274048
0.0060100071132183075
0.10352151840925217
0.4075627624988556
0.4728424847126007
0.10727694630622864
0.008393187075853348
0.006615057121962309
0.10187698900699615
0.6357883214950562
0.22791752219200134
0.2409418821334839
0.010771434754133224
0.5580452680587769
0.6052985787391663
0.265394926071167
0.472695916891098
0.42147570848464966
0.5734135508537292
0.27609267830848694
0.024297021329402924
0.0067002978175878525
0.3476053476333618
0.6911566257476807
0.14036975800991058
0.12385466694831848
0.024644510820508003
0.0637907087802887
0.010901045054197311
0.39239418506622314
0.25348079204559326
0.3283737897872925
0.02905450202524662
0.00031739857513457537
0.00025825691409409046
0.0003884249017573893
0.178973987698555
0.059555333107709885
0.10681207478046417
0.06509881466627121
0.0962447077035904
0.25017866492271423
0.2404877245426178
0.041385360062122345
0.44253045320510864
0.0919848158955574
0.19221624732017517
0.9110058546066284
0.109327033162117
0.11535505950450897
0.3927657902240753
0.22905826568603516
0.7178544402122498
0.4093688130378723
0.04338269680738449
0.5532443523406982
0.40045666694641113
0.13176967203617096
0.4501953125
0.023402484133839607
0.07251834869384766
0.5294090509414673
0.36517584323883057
0.4277569055557251
0.12528839707374573
0.12329071015119553
0.1635882705450058
0.17120403051376343
0.00740090711042285
0.0981752797961235
0.014106650836765766
0.0350012332201004
0.0832173228263855
0.21492207050323486
0.12092983722686768
0.30898478627204895
0.6130824089050293
0.489996075630188
0.13776996731758118
0.3435852825641632
0.2515210807323456
0.19840289652347565
0.0617159865796566
0.013326137326657772
0.06030426546931267
0.321443110704422
0.3745874762535095
0.40658947825431824
0.5571008920669556
0.40447351336479187
0.033655665814876556
0.08009165525436401
0.6868465542793274
0.3246747553348541
0.2666126489639282
0.06860389560461044
0.05271996930241585
0.009172468446195126
0.004669184796512127
0.05894952267408371
0.013361992314457893
0.05640368536114693
0.0062439050525426865
0.4999806880950928
0.13435260951519012
0.22321949899196625
0.5135853886604309
0.5789227485656738
0.1547500342130661
0.5490818619728088
0.2130287140607834
0.4117980897426605
0.423551470041275
0.35083726048469543
0.18673858046531677
0.058174069970846176
0.013472932390868664
0.9366286993026733
0.3265645503997803
0.06558723002672195
0.13716377317905426
0.056913137435913086
0.3194505274295807
0.001659824512898922
0.4332580864429474
0.02499486692249775
0.009489648975431919
0.5893126726150513
0.4981797933578491
0.15633195638656616
0.0029855023603886366
0.00926858838647604
0.0019046503584831953
0.5332130193710327
0.24178460240364075
0.13811694085597992
0.5897778272628784
0.42198923230171204
0.5050179958343506
0.3609922230243683
0.003125488758087158
0.00021391983318608254
0.031578995287418365
0.07588644325733185
0.019025331363081932
0.4146331250667572
0.0068482100032269955
0.006496099289506674
0.04802057892084122
0.14777763187885284
0.0028465131763368845
0.0014797812327742577
0.12990684807300568
0.10985388606786728
0.27022311091423035
0.0006941977189853787
0.038468118757009506
0.037740591913461685
0.016531744971871376
0.09068730473518372
0.294402152299881
0.007902356795966625
0.0017284646164625883
0.00993239413946867
0.04670127108693123
0.3128645420074463
0.05623956769704819
0.0820288136601448
0.127701535820961
0.14250195026397705
0.0036483281292021275
0.0739174410700798
0.02418782375752926
0.017098724842071533
0.01840420626103878
0.49446621537208557
0.008049736730754375
0.16879913210868835
0.22934138774871826
0.1784314662218094
0.20899784564971924
0.02436004765331745
0.008768768049776554
0.9079135060310364
0.34282541275024414
0.1313953399658203
0.03712388500571251
0.11039004474878311
0.11387526988983154
0.7486995458602905
0.21164219081401825
0.29699331521987915
0.1533774435520172
0.11255250126123428
0.3164806365966797
0.13524580001831055
4.189879109617323e-05
0.04583218693733215
0.8945570588111877
0.3104732632637024
0.15020842850208282
0.2483556866645813
0.13160757720470428
0.09339020401239395
0.19685016572475433
0.017445672303438187
0.14165329933166504
0.01847061701118946
0.061165012419223785
0.41760608553886414
0.007685625925660133
0.0051744370721280575
0.8474016189575195
0.8389589786529541
0.005703952629119158
0.07796460390090942
0.04416016489267349
0.1179054006934166
0.22781191766262054
0.14275449514389038
0.02305414155125618
0.0223296619951725
0.24513393640518188
0.805556058883667
0.06264466047286987
0.2650919556617737
0.673100471496582
0.31430789828300476
0.11952443420886993
0.34915900230407715
0.32604125142097473
0.08700299263000488
0.42469435930252075
0.2505927085876465
0.25495579838752747
0.41906172037124634
0.07305349409580231
0.021494412794709206
0.020734619349241257
0.07366954535245895
0.169096440076828
0.03397881239652634
0.5079531073570251
0.0421922393143177
0.004279943648725748
0.15485824644565582
0.05440772324800491
0.12530118227005005
0.012596572749316692
0.055948153138160706
0.004792868159711361
0.3033612072467804
0.1652567982673645
0.15847143530845642
0.15003560483455658
0.4824223816394806
0.06421566009521484
0.9383746981620789
0.9444385766983032
0.9261759519577026
0.9499041438102722
0.35821810364723206
0.06434718519449234
0.03634244203567505
0.03634149581193924
0.5088514685630798
0.7664521336555481
0.25513067841529846
0.5318801999092102
0.5109472274780273
0.43444857001304626
0.0001179265818791464
0.20304298400878906
0.04846984148025513
0.014201355166733265
0.018572023138403893
0.9687523245811462
0.5662911534309387
0.6346336603164673
0.412028968334198
0.10125106573104858
0.009089330211281776
0.06005417928099632
0.16626432538032532
0.27919259667396545
0.08909112215042114
0.021286269649863243
0.023049794137477875
0.6724029779434204
0.02113104984164238
0.041732970625162125
0.05778655782341957
0.0008304886287078261
0.1336837261915207
0.7445337772369385
0.802815318107605
0.9223331212997437
0.9897629022598267
0.986807644367218
0.9712562561035156
0.9160391092300415
0.974488377571106
0.6889114379882812
0.3723090887069702
0.013793617486953735
0.04923376441001892
0.0039358846843242645
0.016035331413149834
0.24496430158615112
0.9653337001800537
0.9466375708580017
0.02005928009748459
0.04196585714817047
0.11604556441307068
0.019415635615587234
0.0008441455429419875
0.40803444385528564
0.98338782787323
0.8986079692840576
0.48108336329460144
0.9961500763893127
0.9969157576560974
0.02117007039487362
0.18717528879642487
0.6709707975387573
0.16634681820869446
0.21090905368328094
0.274533212184906
0.35918375849723816
0.0825560986995697
0.027607105672359467
0.11024927347898483
0.18550841510295868
0.6519883871078491
0.2096460908651352
0.23430651426315308
0.05997582525014877
0.13425181806087494
0.3600687086582184
0.12327862530946732
0.5412499308586121
0.8456273674964905
0.372042179107666
0.019657909870147705
0.7007310390472412
0.6604322791099548
0.19422705471515656
0.04797259718179703
0.9225128293037415
0.06721588969230652
0.6370065808296204
0.5444697141647339
0.6956799626350403
0.6121869683265686
0.13305194675922394
0.11197321861982346
0.6964132189750671
0.043591905385255814
0.961310863494873
0.0912356972694397
0.07344401627779007
0.5892934799194336
0.30854809284210205
0.3434548079967499
0.37780678272247314
0.18972091376781464
0.1970050036907196
0.02257755771279335
0.3819325864315033
0.3985590934753418
0.2938840985298157
0.41279876232147217
0.4075627624988556
0.08402527868747711
0.3738579750061035
0.19695238769054413
0.03567354381084442
0.37898752093315125
0.019376184791326523
0.04797633737325668
0.1014583483338356
0.40538445115089417
0.07204429805278778
0.28761956095695496
0.032269272953271866
0.4189528822898865
0.5960845947265625
0.0020268673542886972
0.003569226013496518
0.009651387110352516
0.004372823517769575
0.23319758474826813
0.12132122367620468
0.35151582956314087
0.06116741895675659
0.27351638674736023
0.0034592426382005215
6.49292123853229e-05
0.0023719132877886295
0.25292813777923584
0.5044361352920532
0.018990840762853622
0.02007617987692356
0.1492011696100235
0.05162769928574562
0.53742915391922
0.5116525292396545
0.28775009512901306
0.8210717439651489
0.07984675467014313
0.09471385926008224
0.4279747009277344
0.41577354073524475
0.40631499886512756
0.22432534396648407
0.7968424558639526
0.048626307398080826
0.029578808695077896
0.03177090361714363
0.562233030796051
0.3077070713043213
0.11223239451646805
0.2892606854438782
0.18086324632167816
0.13933566212654114
0.12637992203235626
0.1251300871372223
0.08208752423524857
0.07475543767213821
0.42898693680763245
0.006338105536997318
0.061377957463264465
0.16401554644107819
0.012798033654689789
0.023238813504576683
0.28394436836242676
0.35197749733924866
0.04192565381526947
0.5536534786224365
0.18999318778514862
0.32865801453590393
0.23307126760482788
0.28103703260421753
0.3846563398838043
0.14918600022792816
0.05271996930241585
0.14907868206501007
0.44529715180397034
0.0026345117948949337
0.3375908136367798
0.032222360372543335
0.14689327776432037
0.13223429024219513
0.007263282313942909
0.08104697614908218
0.018803909420967102
0.8909550905227661
0.9000862836837769
0.0323927067220211
0.013105359859764576
0.0984504371881485
0.0006397963734343648
0.12471624463796616
0.3316013216972351
0.2175816297531128
0.1675163060426712
0.025811295956373215
0.16618545353412628
0.05673978477716446
0.019898196682333946
0.19673122465610504
0.020486213266849518
0.03853650391101837
0.14179515838623047
0.10910651087760925
0.0032683757599443197
0.003156311111524701
0.023257901892066002
0.05832785367965698
0.053754255175590515
0.20252908766269684
0.49432623386383057
0.03113488480448723
0.11660963296890259
0.0038674918469041586
0.20526452362537384
0.420989066362381
0.5582754611968994
0.11507511883974075
0.13663461804389954
0.281400591135025
0.1859472543001175
0.02352326363325119
0.12838144600391388
0.02919706515967846
0.3694879710674286
0.38257113099098206
0.13664919137954712
0.10039253532886505
0.025581132620573044
0.015324940904974937
0.03476448357105255
0.016250837594270706
0.0168650820851326
0.002835585968568921
0.007062974851578474
0.19685016572475433
0.20160268247127533
0.03440146520733833
0.29692625999450684
0.6969438791275024
0.4618947505950928
0.24499770998954773
0.1817978024482727
0.08663638681173325
0.25396057963371277
0.1631675660610199
0.03349129110574722
0.11613728851079941
0.09582377970218658
0.25866466760635376
0.011148961260914803
0.0025738247204571962
0.5790419578552246
0.054191652685403824
0.07869236171245575
0.056191008538007736
0.18490126729011536
0.18484239280223846
0.28642910718917847
0.044258251786231995
0.1897806078195572
0.03126419708132744
0.20233169198036194
0.011664104647934437
0.024177612736821175
0.007251205388456583
0.2718958556652069
0.011157965287566185
0.0004585440328810364
0.02123633772134781
0.36146488785743713
0.07445984333753586
0.12913130223751068
0.0013449875405058265
0.2520354986190796
0.00012014781532343477
0.5501886010169983
0.12690871953964233
0.0053244950249791145
0.09005634486675262
0.01978021115064621
0.03710610792040825
0.18121187388896942
0.022341633215546608
0.08538444340229034
0.29822349548339844
0.01847829855978489
0.017190828919410706
0.022113578394055367
0.0007531127193942666
0.108421690762043
3.076286884606816e-05
0.10901474952697754
0.1699710488319397
0.5505456924438477
0.5605255365371704
0.08191030472517014
0.6072377562522888
0.32415518164634705
0.4755376875400543
0.07593431323766708
0.32160961627960205
0.18588513135910034
0.13634565472602844
0.016653787344694138
0.1303451508283615
0.07863675802946091
0.3494812250137329
0.6633622050285339
0.019760677590966225
0.00469580665230751
0.08123832941055298
0.11124096065759659
0.18202638626098633
0.17820900678634644
0.05945456400513649
0.01646997220814228
0.5508124232292175
0.10819096863269806
0.00510760210454464
0.052641596645116806
0.004259017296135426
0.19072876870632172
0.002560296328738332
0.08549463003873825
0.08742601424455643
0.4505647122859955
0.06424114108085632
0.019319284707307816
0.056445322930812836
0.0420261025428772
0.013524689711630344
0.06750071048736572
0.3555842339992523
0.14300492405891418
0.004540075547993183
0.1058349609375
0.003192260628566146
0.02357049472630024
0.0007253203657455742
0.0006644460372626781
0.000979123287834227
0.0017330762930214405
0.0670606717467308
0.05448324605822563
0.0017015576595440507
0.07850395888090134
0.03896893933415413
0.04445821791887283
0.04679102078080177
0.009799761697649956
0.013745385222136974
0.008468592539429665
0.27859964966773987
0.04155478999018669
0.42644745111465454
0.018829243257641792
0.0009060475858859718
0.010408781468868256
0.00023473490728065372
0.021807044744491577
0.008366607129573822
0.005833988077938557
0.01777547039091587
0.13520850241184235
0.46036794781684875
0.25219589471817017
0.013718754053115845
0.08529327809810638
0.018637102097272873
0.5361637473106384
0.3306965231895447
0.1778663694858551
0.018021726980805397
0.023165665566921234
0.15152841806411743
0.16129304468631744
0.1410849690437317
0.8339707851409912
0.5259453654289246
0.5415777564048767
0.6437758803367615
0.8241838812828064
0.5078977942466736
0.09149395674467087
0.3403908312320709
0.43616756796836853
0.026049379259347916
0.28063520789146423
0.6661840081214905
0.06436171382665634
0.03249611333012581
0.023675788193941116
0.005402827635407448
0.03142924979329109
0.01452725101262331
0.0563325509428978
0.13221654295921326
0.14131392538547516
0.03796810656785965
0.049602948129177094
0.042148079723119736
0.012600711546838284
0.1449834257364273
0.05525529757142067
0.027930784970521927
0.012053752318024635
0.009703689254820347
0.5079408884048462
0.301187664270401
0.0033836255315691233
0.017821945250034332
0.007045899983495474
0.229447603225708
0.16430360078811646
0.0037545892409980297
0.02240501344203949
0.14320851862430573
0.0003973851562477648
0.00524379126727581
0.007378418929874897
0.022304717451334
0.047822050750255585
0.12270388752222061
0.19928282499313354
0.0050139641389250755
0.06101210042834282
0.10498881340026855
0.23756767809391022
0.0329500287771225
0.11080177873373032
0.5652693510055542
0.09514854848384857
0.017321346327662468
0.43521544337272644
0.27299201488494873
0.03238970413804054
0.06825871765613556
0.05820201337337494
0.11948566138744354
0.13515126705169678
0.16579444706439972
0.011176959611475468
0.2346908301115036
0.024286609143018723
0.34408053755760193
0.17735157907009125
0.03027726709842682
0.21199463307857513
0.3482385277748108
0.4357758164405823
0.48211899399757385
0.02111484296619892
0.2733311355113983
0.07415810972452164
0.3244346082210541
0.0326027013361454
0.02202853001654148
0.011894340626895428
0.005864828359335661
0.08032359927892685
0.6058935523033142
0.28078559041023254
0.04052535444498062
0.00932632852345705
0.2785121500492096
0.06000805273652077
0.42742815613746643
0.027297353371977806
0.04256294667720795
0.09619157761335373
0.30532240867614746
0.13727445900440216
0.0016884255455806851
0.018385956063866615
0.027815598994493484
0.002824783092364669
0.00737733906134963
0.0019243176793679595
0.03828861191868782
0.0024201117921620607
0.005779814440757036
0.0004071781877428293
0.0033743337262421846
0.503264844417572
0.011131060309708118
0.025699365884065628
0.01987289823591709
0.012662576511502266
0.02162211760878563
0.0046497308649122715
0.017096655443310738
0.18248051404953003
0.005460621323436499
0.019332097843289375
0.08353081345558167
0.10637909173965454
0.702507495880127
0.8135572075843811
0.7777629494667053
0.7546026706695557
0.558571457862854
0.852400541305542
0.6102781295776367
0.06006006523966789
0.18848860263824463
0.07044441998004913
0.9269199371337891
0.11967627704143524
0.26307836174964905
0.31953611969947815
0.4933646023273468
0.6100021600723267
0.3410693109035492
0.6437291502952576
0.07378733903169632
0.1417599618434906
0.1116771474480629
0.0708051472902298
0.989725649356842
0.9749002456665039
0.02097034640610218
0.07062803208827972
0.06711849570274353
0.004497472662478685
0.01086107362061739
0.034662261605262756
0.02208969183266163
0.07020942866802216
0.27955231070518494
0.1179649755358696
0.11847240477800369
0.24038639664649963
0.6197999119758606
0.6051966547966003
0.037003979086875916
0.23045942187309265
0.20481982827186584
0.0043401578441262245
0.015016753226518631
0.3902105391025543
0.015495674684643745
0.0011255424469709396
0.0857444703578949
0.41437333822250366
0.31066185235977173
0.6229320168495178
0.014323988929390907
0.22640399634838104
0.3173867464065552
0.009205954149365425
0.005339424591511488
0.012686025351285934
0.1506643295288086
0.4419696629047394
0.4558928310871124
0.12013531476259232
0.0045661479234695435
1.671924655965995e-05
0.3959065079689026
0.028422633185982704
0.09492452442646027
0.011091910302639008
0.20131663978099823
0.4162452220916748
0.28496938943862915
0.07198423892259598
0.046185266226530075
0.032700758427381516
0.2344074845314026
0.016487250104546547
0.06939252465963364
0.20371973514556885
0.0794353038072586
0.6381508111953735
0.06654571741819382
0.00046574417501688004
0.05252991244196892
0.0034623153042048216
0.0031379489228129387
0.8335033059120178
0.06805380433797836
0.840254545211792
0.5846051573753357
0.34408053755760193
0.0002580550208222121
0.09960859268903732
0.0234780702739954
0.06135459244251251
0.044057440012693405
0.1111128032207489
0.040103938430547714
0.047398146241903305
0.018105173483490944
0.15206925570964813
0.4181963801383972
0.5633817315101624
0.0032150817569345236
0.13350430130958557
0.06726156920194626
0.10944241285324097
0.008475881069898605
0.010789704509079456
0.021833088248968124
0.020944127812981606
0.08945604413747787
0.642044723033905
0.0612570121884346
0.05210992693901062
0.5195381045341492
0.6073504686355591
0.03287939354777336
0.005249537993222475
0.1383449137210846
0.008646951988339424
0.03671661764383316
0.1773899644613266
0.02589493803679943
0.024249602109193802
0.039813362061977386
0.01095662359148264
0.10787709057331085
0.0009909525979310274
0.12975594401359558
0.018999449908733368
0.03515863046050072
0.006468219216912985
0.0698365718126297
0.019367201253771782
0.018338438123464584
0.023744013160467148
0.03988700360059738
0.12081445008516312
0.05905305594205856
0.004640804138034582
0.06268291175365448
0.11480272561311722
0.0709855705499649
0.019286682829260826
0.3751261234283447
0.1183188185095787
0.3626129627227783
0.06467292457818985
0.06306227296590805
0.014079669490456581
0.032800886780023575
0.05230684578418732
0.10657954216003418
0.9190179705619812
0.1716083288192749
0.748810887336731
0.7498366832733154
0.6733306050300598
0.09804141521453857
0.07605021446943283
0.0896405279636383
0.03436736389994621
0.5363220572471619
0.015150877647101879
0.3652627170085907
0.895782470703125
0.12878313660621643
0.037833791226148605
0.13945810496807098
0.25117629766464233
0.19513745605945587
0.05216304212808609
0.5726991891860962
0.6399516463279724
0.1947445124387741
0.06897202134132385
0.28457754850387573
0.009217822924256325
0.02720736339688301
0.03696136549115181
0.007722151465713978
0.06713756173849106
0.08064678311347961
0.21419452130794525
0.0014424113323912024
0.19874723255634308
0.1713431030511856
0.027017030864953995
0.996288001537323
0.8782506585121155
0.07649809867143631
0.043926533311605453
0.005042032338678837
0.07356199622154236
0.004896120633929968
0.5702611207962036
0.01218702457845211
0.13824859261512756
0.024025550112128258
0.01780179888010025
0.04846252501010895
0.07395178079605103
0.6350787878036499
0.16449478268623352
0.05296806991100311
0.022242579609155655
0.11933630704879761
0.02288956008851528
0.20460771024227142
0.9565335512161255
0.1852901726961136
0.07870104908943176
0.6116339564323425
0.004825235810130835
0.569985032081604
0.41442012786865234
0.05502678453922272
0.24958188831806183
0.0015458522830158472
0.38653579354286194
0.8162100911140442
0.11375243216753006
0.735588014125824
0.598186194896698
0.15898694097995758
0.5221844911575317
0.05615972355008125
0.006860538385808468
0.011023213155567646
0.10889865458011627
0.03017466329038143
0.4948447644710541
0.005406719166785479
0.24409329891204834
0.24409329891204834
0.20555227994918823
0.4378930628299713
0.47763368487358093
0.15490563213825226
0.02203790843486786
0.0008016958017833531
0.009795104153454304
0.0587569922208786
0.039051588624715805
0.0029682174790650606
0.01746944710612297
0.019725436344742775
0.03293487802147865
0.0017439642688259482
0.001802508719265461
0.08799741417169571
0.23919245600700378
0.09478336572647095
0.62549889087677
0.6282316446304321
0.4152619540691376
0.014252125285565853
0.021736372262239456
0.03410092368721962
0.018079016357660294
0.022599535062909126
0.12054203450679779
0.12483479827642441
0.009868116118013859
0.0964355543255806
0.055986423045396805
0.9016382098197937
0.8822816014289856
0.47820600867271423
0.9014137983322144
0.2870441973209381
0.0077739860862493515
0.242774099111557
0.43198156356811523
0.028736833482980728
0.015511302277445793
0.405973345041275
0.1629551351070404
0.023020246997475624
0.3264758884906769
0.036548107862472534
0.14752493798732758
0.32077592611312866
0.9588095545768738
0.05948250740766525
0.2217785120010376
0.9164949059486389
0.35975566506385803
0.23355905711650848
0.170355424284935
0.5877857208251953
0.05229978635907173
0.030055368319153786
0.0982586219906807
0.1718592792749405
0.36662179231643677
0.09877830743789673
0.2649030089378357
0.06803784519433975
0.06309003382921219
0.6926464438438416
0.011797000654041767
0.08680396527051926
0.12269563972949982
0.16883884370326996
0.22336144745349884
0.48477888107299805
0.5063133239746094
0.19818459451198578
0.1384768933057785
0.14770014584064484
0.040650080889463425
0.004888496827334166
0.005574818234890699
0.043975889682769775
0.20893850922584534
0.1869761198759079
0.34770676493644714
0.6902174353599548
0.26730602979660034
0.06862326711416245
0.05214172974228859
0.0712682381272316
0.2936927378177643
0.0038025605026632547
0.38121503591537476
0.06042024493217468
0.023677436634898186
0.0010827044025063515
0.17697647213935852
0.015498142689466476
0.371923565864563
0.05840805172920227
0.5382883548736572
0.004794863983988762
0.04383167624473572
0.03866957128047943
0.05105539783835411
0.019460292533040047
0.009246507659554482
0.05562741681933403
0.015356387943029404
0.08293594419956207
0.3102132976055145
0.03518715873360634
0.0076210577972233295
0.00158025196287781
0.11371680349111557
0.03626786172389984
0.022493749856948853
0.09291337430477142
0.03128647059202194
0.011315371841192245
0.6898086667060852
0.3372994661331177
0.06836940348148346
0.006728237960487604
0.014355805702507496
0.0600401796400547
0.02227759175002575
0.04544173553586006
0.021433448418974876
0.043543096631765366
0.03893628716468811
0.3574850559234619
0.05462869256734848
0.01914907991886139
0.34799695014953613
0.039398081600666046
0.2648066282272339
0.9098420739173889
0.8234639763832092
0.004426639527082443
0.3338519334793091
0.0004439536132849753
0.033186592161655426
0.14604716002941132
0.2581334412097931
0.03992451727390289
0.017728254199028015
0.011499807238578796
0.036826107650995255
0.004608768504112959
0.003835377050563693
0.0809873715043068
0.18227779865264893
0.0240352600812912
0.0010024572256952524
0.08989202231168747
0.47575849294662476
0.5927960872650146
0.9663337469100952
0.27273136377334595
0.21132420003414154
0.0666528046131134
0.016454650089144707
0.030725570395588875
0.009475143626332283
0.10567628592252731
0.016492754220962524
0.2678832709789276
0.36338183283805847
0.004321695305407047
0.06369706243276596
0.8820486068725586
0.6981543302536011
0.08316204696893692
0.010178863070905209
3.583653233363293e-05
0.002777908695861697
0.4919258952140808
0.15616722404956818
0.7427769303321838
0.3551309108734131
0.2626984715461731
0.6472534537315369
0.02555285394191742
0.04445828124880791
0.000276902545010671
0.18099041283130646
0.0020571057684719563
0.0007318329298868775
0.06538210809230804
0.06200199946761131
0.08955681324005127
0.2949540615081787
0.021037323400378227
0.0007725933683104813
0.13854442536830902
0.19053851068019867
0.010271986946463585
0.2752581238746643
0.029016289860010147
0.27506157755851746
0.039589814841747284
0.38200974464416504
0.01148334052413702
0.11808665096759796
0.9442099928855896
0.8578590154647827
0.7748051881790161
0.35538792610168457
0.8228151798248291
0.2436498999595642
0.06982486695051193
0.31150126457214355
0.0482037328183651
0.1587502658367157
0.07157105952501297
0.01964104361832142
0.07369649410247803
0.027299078181385994
0.07222315669059753
0.03140413016080856
0.22719544172286987
0.0018861974822357297
0.16256409883499146
0.05213652178645134
0.9897458553314209
0.9672784209251404
0.905851423740387
0.02125665731728077
0.3677480220794678
0.0444793701171875
0.4846774637699127
0.046258747577667236
0.9261225461959839
0.014252995140850544
0.17507247626781464
0.0006799635593779385
0.005246117245405912
0.06710435450077057
0.1968121975660324
0.05556003004312515
0.06920895725488663
0.20554432272911072
0.2930055856704712
0.3463493287563324
0.27617788314819336
0.0405382439494133
0.034049730747938156
0.2015402913093567
0.07350866496562958
0.1188238263130188
0.08772200345993042
0.14517571032047272
0.5020722150802612
0.2955723702907562
0.029157161712646484
0.1243213415145874
0.014396950602531433
0.01053819339722395
0.0002577834820840508
0.0003416692197788507
0.21478456258773804
0.41831013560295105
0.037441279739141464
0.020791741088032722
0.0075444551184773445
0.03783953934907913
0.21372559666633606
0.061458803713321686
0.040563516318798065
0.05779595300555229
0.32080310583114624
0.1456829011440277
0.017082344740629196
0.008033807389438152
0.004748268984258175
0.019619537517428398
0.08108087629079819
0.0051241121254861355
0.03606420382857323
0.1347655951976776
0.007107842247933149
0.006014840677380562
0.005863083992153406
0.053083013743162155
0.004276445135474205
0.010432105511426926
0.03214380517601967
0.1373600959777832
0.007843798957765102
0.005317124538123608
0.003406625473871827
0.05500136315822601
0.014195749536156654
0.15353088080883026
0.2609451115131378
0.4011743366718292
0.39778104424476624
0.24900996685028076
0.15365521609783173
0.6973997354507446
0.6973997354507446
0.06996514648199081
0.1629742980003357
0.03557005897164345
0.13796451687812805
0.10981204360723495
0.04119095578789711
0.0019490397535264492
0.014979064464569092
0.18692539632320404
0.6122515797615051
0.18836718797683716
0.06091892719268799
0.002253068145364523
0.03402780368924141
0.07200023531913757
0.07324692606925964
0.09501595795154572
0.057564206421375275
0.07810710370540619
0.018207844346761703
0.16595622897148132
0.008161528035998344
0.017102664336562157
0.11364936828613281
0.5002827644348145
0.26906174421310425
0.07755684852600098
0.14278772473335266
0.2552374601364136
0.017598094418644905
0.026803791522979736
0.14166507124900818
0.3191239535808563
0.059164077043533325
0.7917889952659607
0.4132212698459625
0.13112233579158783
0.040481001138687134
0.06075705587863922
0.769827127456665
0.09440713375806808
0.23665614426136017
0.21527375280857086
0.0030381300020962954
0.0045012510381639
0.4730193614959717
0.2748444080352783
0.04213334992527962
0.8198562860488892
0.07988346368074417
0.14913707971572876
0.035628072917461395
0.04152579978108406
0.38874348998069763
0.014972316101193428
0.11064766347408295
0.06078336387872696
0.08002839982509613
0.006116378586739302
0.02174411155283451
0.004140913486480713
0.24604381620883942
0.12781241536140442
0.0402752161026001
0.015969213098287582
0.011059921234846115
0.059204716235399246
0.0051124561578035355
0.003145140828564763
0.00401734234765172
0.4606960117816925
0.46081605553627014
0.31784623861312866
0.27956369519233704
0.612236738204956
0.005952872801572084
0.6166083216667175
0.11602072417736053
0.2508627772331238
0.05100460350513458
0.21978144347667694
0.03551771491765976
0.0011497148079797626
0.15615488588809967
0.31832894682884216
0.4396364092826843
0.22790315747261047
0.09453479945659637
0.05502152070403099
0.01732512004673481
0.49991461634635925
0.4526146352291107
0.08739306777715683
0.2706165313720703
0.3923887610435486
0.2605917155742645
0.19217951595783234
0.7518600225448608
0.13946983218193054
0.0350685752928257
0.3126542866230011
0.3614279627799988
0.05102658271789551
0.1416870653629303
0.4933142364025116
0.0350361168384552
0.19010141491889954
0.2140100747346878
0.024459460750222206
0.9661240577697754
0.9555855989456177
0.28861600160598755
0.028422368690371513
0.050318967550992966
0.46975693106651306
0.004004203714430332
0.03232215717434883
0.347481369972229
0.024774985387921333
0.09134526550769806
0.16565951704978943
0.21400068700313568
0.1559726893901825
0.01240579318255186
0.16859886050224304
0.0032867598347365856
0.06854959577322006
0.012751622125506401
0.07999686896800995
0.5729230642318726
0.6530465483665466
0.9215294718742371
0.3194950520992279
0.047654591500759125
0.06009077653288841
0.13206389546394348
0.02697526477277279
0.04244301840662956
0.2444525510072708
0.12063276767730713
0.9381738901138306
0.9251500368118286
0.8674963116645813
0.00014706028741784394
0.677801251411438
0.003971482161432505
0.09399682283401489
0.010199079290032387
0.06135387718677521
0.1750839799642563
0.012603037059307098
0.529325008392334
0.1634458303451538
0.048538997769355774
0.019925285130739212
0.031249217689037323
0.017250804230570793
0.09137305617332458
0.7906160354614258
0.12280658632516861
0.1951279193162918
0.27219244837760925
0.003915062639862299
0.07486436516046524
0.03015192411839962
0.31849369406700134
0.6314757466316223
0.009230252355337143
0.01723284088075161
0.021083306521177292
0.10613221675157547
0.05923331901431084
0.005582846701145172
0.13275861740112305
0.24490073323249817
0.7821873426437378
0.09137074649333954
0.03213962912559509
0.014032136648893356
0.09665235877037048
0.008769629523158073
0.38824382424354553
0.20437921583652496
0.19164305925369263
0.007058985065668821
0.007353218272328377
0.050000570714473724
0.029259683564305305
0.04057500883936882
0.014528906904160976
0.0017365150852128863
0.3765624761581421
0.26552537083625793
0.010660823434591293
0.046955324709415436
0.431322306394577
0.24606722593307495
0.04954713582992554
0.05805458128452301
0.028304655104875565
0.11100088059902191
0.00011590061330934986
0.032950226217508316
0.044301196932792664
0.0006786597659811378
0.025573119521141052
0.008658372797071934
0.020497558638453484
0.02159740775823593
0.014910737052559853
0.07658596336841583
0.022544121369719505
0.9914578199386597
0.9721477627754211
0.41922423243522644
0.24751800298690796
0.04457336291670799
0.20860064029693604
0.12895581126213074
0.44690167903900146
0.17873899638652802
0.08471216261386871
0.7064309120178223
0.38913148641586304
0.4784800410270691
0.09358483552932739
0.007385634817183018
0.6372261047363281
0.04960254579782486
0.0024601274635642767
0.14417023956775665
0.8504741787910461
0.8714742064476013
0.2820685803890228
0.09407410025596619
0.10204713046550751
0.14155632257461548
0.23414748907089233
0.003971179015934467
0.0022924316581338644
0.05747279152274132
0.002329454058781266
0.5060168504714966
0.3372160792350769
0.002744426019489765
0.1839902251958847
0.011158869601786137
0.17451247572898865
0.11845630407333374
0.30233633518218994
0.3700694441795349
0.4979781210422516
0.10766256600618362
0.032072268426418304
0.011896178126335144
0.20345117151737213
0.13601556420326233
0.10182638466358185
0.0028773299418389797
0.40628641843795776
0.20415829122066498
0.07330150157213211
0.2231179177761078
0.23079751431941986
0.1979575902223587
0.21265357732772827
0.4243098497390747
0.051652975380420685
0.0988166332244873
0.05653465539216995
0.6545947194099426
0.4086436331272125
0.9018218517303467
0.7893813848495483
0.4463825225830078
0.03253316879272461
0.0847061276435852
0.39374491572380066
0.15605315566062927
0.024016672745347023
0.03725103661417961
0.0608583502471447
0.4715483784675598
0.03699878230690956
0.482925683259964
0.04891747608780861
0.2532888650894165
0.03294527530670166
0.5018914341926575
0.02368820458650589
0.7028319239616394
0.010438648983836174
0.0005835178890265524
0.0009092685650102794
0.005364574491977692
0.2576676309108734
0.026126081123948097
0.18902236223220825
0.10676204413175583
0.6009036898612976
0.07820302993059158
0.03991834074258804
0.021255211904644966
0.5730377435684204
0.09499797224998474
0.36239439249038696
0.10229552537202835
0.1306353062391281
0.26240915060043335
0.8204832077026367
0.6831743717193604
0.6513769626617432
0.8462693095207214
0.5511547327041626
0.95987468957901
0.9759747385978699
0.9184444546699524
0.9503877758979797
0.7025505304336548
0.9770777225494385
0.9298376441001892
0.9254360795021057
0.9053910374641418
0.9698240160942078
0.1534132957458496
0.21866491436958313
0.03720845654606819
0.48109275102615356
0.13450302183628082
0.024737711995840073
0.13718195259571075
0.06798746436834335
0.09987030923366547
0.23442204296588898
0.9018315076828003
0.019670849665999413
0.31618553400039673
0.1101384311914444
0.18744350969791412
0.24513056874275208
0.2678932845592499
0.027554992586374283
0.06120748072862625
0.0194653682410717
0.6340961456298828
0.387775182723999
0.23741327226161957
0.06772144883871078
0.010060204192996025
0.07868679612874985
0.13621748983860016
0.07040233165025711
0.10965383797883987
0.0512050986289978
0.6288968324661255
0.37066763639450073
0.5615840554237366
0.006679881364107132
0.007360697258263826
0.9727214574813843
0.22925063967704773
0.14506803452968597
0.0027451810892671347
0.004085197113454342
0.010046901181340218
0.49177730083465576
0.0029250727966427803
0.12151842564344406
0.024288391694426537
0.008803130127489567
0.27795901894569397
0.42613059282302856
0.06515258550643921
0.2927464544773102
0.09021081030368805
0.08953896164894104
0.1678604930639267
0.2648068070411682
0.014542900957167149
0.08407198637723923
0.046418722718954086
0.0002659156743902713
0.00394051568582654
0.000589201517868787
0.03576581925153732
0.2566344141960144
0.007037783972918987
0.043135445564985275
0.16253921389579773
0.03473244607448578
0.07950618863105774
0.08758045732975006
0.0032911179587244987
0.1347651481628418
0.30876410007476807
0.2621474862098694
0.3669985234737396
0.5585145950317383
0.058988239616155624
0.016895579174160957
0.006724754814058542
0.013833262957632542
0.024934133514761925
0.019991818815469742
0.061092667281627655
0.21300771832466125
0.02824622206389904
0.0027765962295234203
0.044176727533340454
0.0015860034618526697
0.5208233594894409
0.08899495005607605
0.040707554668188095
0.018037494271993637
0.16840088367462158
0.3964937925338745
0.4807133972644806
0.3025588393211365
0.009981771931052208
0.4440818727016449
0.09060988575220108
0.24859611690044403
0.1003531888127327
0.04461575299501419
0.04819411411881447
0.08757365494966507
0.16902270913124084
0.03161603584885597
0.507092297077179
0.14511176943778992
0.29364103078842163
0.08573395758867264
0.010582254268229008
0.22273999452590942
0.10191512852907181
0.12001518905162811
0.06347429007291794
0.006361395586282015
0.053770314902067184
0.017131729051470757
0.05090393126010895
0.2587868273258209
0.09261897206306458
0.16728699207305908
0.4030049741268158
0.5923075079917908
0.15617889165878296
0.6645359992980957
0.030601901933550835
0.03520909696817398
0.5835145115852356
0.08817210048437119
0.3331587314605713
0.014629674144089222
0.0928877517580986
0.5268499255180359
0.6185053586959839
0.003277688520029187
0.4974401891231537
0.012827652506530285
0.009838285855948925
0.09276321530342102
0.0040295980870723724
0.13806810975074768
0.004740091506391764
0.04551625996828079
0.0015191308921203017
0.23641769587993622
0.051003631204366684
0.13052919507026672
0.22481581568717957
0.007253836840391159
0.03405674546957016
0.19610778987407684
0.336079865694046
0.03275042772293091
0.2936657965183258
0.1333155333995819
0.4151604473590851
0.39979788661003113
0.007668680511415005
0.42471256852149963
0.05467364564538002
0.3665737509727478
0.6343878507614136
0.3817750811576843
0.18722224235534668
0.012699722312390804
0.01671040989458561
0.37559354305267334
0.041231054812669754
0.3143676519393921
0.23282989859580994
0.015064927749335766
0.4163976311683655
0.03831014037132263
0.5903353095054626
0.16422760486602783
0.24559061229228973
0.09494632482528687
0.008149421773850918
0.012474377639591694
0.018908504396677017
0.027540456503629684
0.05139879137277603
0.22185315191745758
0.011758088134229183
0.35918375849723816
0.007105168420821428
0.007496556267142296
0.02436891198158264
0.27903681993484497
0.33701521158218384
0.11670669913291931
0.8231629133224487
0.6895583868026733
0.015357148833572865
0.0011726005468517542
0.6938235759735107
0.0034458714071661234
0.06432187557220459
0.5025103688240051
0.11091730743646622
0.022667938843369484
0.02620333433151245
0.00011831657320726663
0.0546821691095829
0.20215046405792236
0.6944178938865662
0.013168270699679852
0.01847505196928978
0.030185794457793236
0.553634524345398
0.29847389459609985
0.473462849855423
0.39498698711395264
0.09504115581512451
0.01451832428574562
0.056001268327236176
0.11995992064476013
0.624908447265625
0.15500470995903015
0.09063412994146347
0.06608781218528748
0.08580812811851501
0.010628814809024334
0.7418941855430603
0.7878133058547974
0.8052412867546082
0.0870213732123375
0.0658206194639206
0.09108277410268784
0.06121601536870003
0.05151989683508873
0.020375635474920273
0.04858575016260147
0.0017502924893051386
0.034106623381376266
0.060599107295274734
0.005124598275870085
0.010403616353869438
0.9036873579025269
0.7748864889144897
0.00028482210473157465
0.04130293428897858
0.010757396928966045
0.09138015657663345
0.02366816997528076
0.054894305765628815
0.01199587993323803
0.0007421831833198667
0.10290943086147308
0.027629954740405083
0.13233937323093414
0.061766404658555984
0.1895720213651657
0.03781964257359505
0.06822676211595535
0.024620508775115013
0.03299357369542122
0.05213166028261185
0.032537076622247696
3.292671681265347e-05
0.9923779368400574
0.9947493672370911
0.0314774252474308
0.0021668248809874058
0.025105219334363937
0.04205779731273651
0.024023091420531273
0.07846947014331818
0.08263614773750305
0.1970342993736267
0.025946857407689095
0.019950712099671364
0.06835441291332245
0.0432567335665226
0.06640352308750153
0.14389298856258392
0.2908722460269928
0.0010381736792623997
0.0841195285320282
0.036336567252874374
0.11141560971736908
0.03530341014266014
0.2993141710758209
0.8087124228477478
0.8320296406745911
0.8011587262153625
0.9282196164131165
0.06913889944553375
0.007060398813337088
0.9551035165786743
0.9038999080657959
0.16477423906326294
0.003540781559422612
0.6557509303092957
0.17627489566802979
0.009822587482631207
0.1618024855852127
0.6120832562446594
0.1575075089931488
0.0071999067440629005
0.018984828144311905
0.03023518994450569
0.0112939877435565
0.2635999321937561
0.005406505428254604
0.1336837261915207
0.001878411159850657
0.031321629881858826
0.006108273286372423
0.03766334429383278
0.0991082563996315
0.0991082563996315
0.0524020716547966
0.033098526298999786
0.0909261479973793
0.017669422551989555
0.032144125550985336
0.06693991273641586
0.121854767203331
0.0019828362856060266
0.0047169579192996025
0.24903884530067444
0.2638506293296814
0.9516732692718506
0.8764833807945251
0.8565157055854797
0.9874677062034607
0.015183278359472752
0.12107774615287781
0.06097564473748207
0.0015987398801371455
0.8978808522224426
0.9882335662841797
0.9852637648582458
0.5984456539154053
0.9228148460388184
0.05285745859146118
0.14690013229846954
0.2726035714149475
0.07518793642520905
0.008246495388448238
0.010380984283983707
0.7268261313438416
0.02066337689757347
0.10550101846456528
0.11450468748807907
0.3951423466205597
0.06563282757997513
0.005565065424889326
0.10304839164018631
0.031335484236478806
0.22765344381332397
0.7065122127532959
0.02794317901134491
0.8507428169250488
0.0664280354976654
0.9906836152076721
0.986504077911377
0.2748611569404602
0.22789564728736877
0.2757704555988312
0.28627264499664307
0.18690380454063416
0.3148382604122162
0.08412151038646698
0.23625542223453522
0.19318102300167084
0.005462017375975847
0.1830187439918518
0.18703465163707733
0.06915315985679626
0.026351483538746834
0.008224175311625004
0.9463253021240234
0.04991990700364113
0.08298274129629135
0.08275069296360016
0.9902650713920593
0.9903343915939331
0.9814420938491821
0.9667478203773499
0.992435097694397
0.9235066771507263
0.8697618842124939
0.24209508299827576
0.16930446028709412
0.08535735309123993
0.08206251263618469
0.18079344928264618
0.1180042177438736
0.12354553490877151
0.015712056308984756
0.07551319152116776
0.03495919331908226
0.0329718291759491
0.05396005138754845
0.046498361974954605
0.1996423453092575
0.3753725588321686
0.03923626244068146
0.06511222571134567
0.13495835661888123
0.14721867442131042
0.35438406467437744
0.002240261062979698
0.04332469031214714
0.1511637270450592
0.04807816445827484
0.01185435988008976
0.013001513667404652
0.45202910900115967
0.7504869699478149
0.12341143190860748
0.008409435860812664
0.02473803050816059
0.3843677043914795
0.051388561725616455
0.21928441524505615
0.019913066178560257
0.035633474588394165
0.02046986296772957
0.316800057888031
0.22197625041007996
0.01654326729476452
0.0018091830424964428
0.952839195728302
0.952839195728302
0.18198956549167633
0.0063624694012105465
0.1994030475616455
0.05821935832500458
0.35259824991226196
0.500674307346344
0.15484850108623505
0.061426546424627304
0.18936783075332642
0.11828581243753433
0.15286441147327423
0.0826975628733635
0.02919006161391735
0.0216240044683218
0.052567411214113235
0.4382755756378174
0.08817574381828308
0.0029799824114888906
0.24733558297157288
0.2639206051826477
0.10085408389568329
0.009571239352226257
0.22242328524589539
0.0008034983766265213
0.08395957201719284
0.21060095727443695
0.011903014965355396
0.018584299832582474
0.16447392106056213
0.014613108709454536
0.1771007776260376
0.051454346626996994
0.8030776381492615
0.3524191379547119
0.05287813022732735
0.20224814116954803
0.028873831033706665
0.14656516909599304
0.042395059019327164
0.03879842534661293
0.1978815644979477
0.5753876566886902
0.0050002094358205795
0.00525082740932703
0.00017907487927004695
0.7145084142684937
0.007866894826292992
0.000921453523915261
0.05076916515827179
0.04612928256392479
0.04148838296532631
0.6306174993515015
0.10898943245410919
7.486339745810255e-05
0.0031513888388872147
0.09835666418075562
0.020124875009059906
0.17439228296279907
0.35474732518196106
0.08763691782951355
0.03028353489935398
0.09531770646572113
0.3513013422489166
0.12034384161233902
0.24420154094696045
0.0819673240184784
0.03357647731900215
0.5984861850738525
0.46199831366539
0.8161724209785461
0.7571996450424194
0.3815392553806305
0.02832157164812088
0.22515854239463806
0.20433934032917023
0.17778173089027405
0.020909423008561134
0.2636839747428894
0.12720507383346558
0.3146241009235382
0.20419879257678986
0.09431984275579453
0.11171165853738785
0.02638731338083744
0.022635983303189278
0.04512646421790123
0.007562334183603525
0.02071075513958931
0.0047904509119689465
0.44304171204566956
0.9341579079627991
0.9165192246437073
0.03537188097834587
0.030685752630233765
0.06805472820997238
0.13792932033538818
0.04298233985900879
0.02761133760213852
0.010862212628126144
0.0053270598873496056
0.2446741759777069
0.021702418103814125
0.9428296685218811
0.12439804524183273
0.014781993813812733
0.9697912931442261
0.2509196996688843
0.035481370985507965
0.005140266381204128
0.04308013245463371
0.01609938219189644
0.1933654099702835
0.021888287737965584
0.010971460491418839
0.2631548047065735
0.1515350639820099
0.010977447032928467
0.06394404917955399
0.07078912854194641
0.11865201592445374
0.059838637709617615
0.1895514577627182
0.07822316884994507
0.0005415140767581761
0.010205496102571487
0.07743314653635025
0.3748135566711426
0.034066103398799896
0.22642043232917786
0.01764775812625885
0.012398431077599525
0.011813601478934288
0.003775819670408964
0.21677780151367188
0.015619986690580845
0.00940488651394844
0.09729879349470139
0.1982894092798233
0.5823485255241394
0.19907450675964355
0.0009757995721884072
0.16756126284599304
0.011561200022697449
0.008875956758856773
0.0008154786191880703
0.043267007917165756
0.02279004082083702
0.015000728890299797
0.014513728208839893
0.004157358780503273
0.9798659086227417
0.7438435554504395
0.2257949560880661
0.4146560728549957
0.05370010808110237
0.042069051414728165
0.006554358173161745
0.05337787792086601
0.4384557604789734
0.009224079549312592
0.04594384506344795
0.41912272572517395
0.22720912098884583
0.019249537959694862
0.0005010689492337406
0.00016209587920457125
0.0013293876545503736
0.03523798659443855
0.015023342333734035
6.574139842996374e-05
0.003129989840090275
0.027463398873806
0.0012741052778437734
0.003089583944529295
0.03659785911440849
0.049197446554899216
0.03797842189669609
0.1350332796573639
0.4893583059310913
0.004894682671874762
0.04242395609617233
0.04392249137163162
0.0070129274390637875
0.05088605731725693
0.6036861538887024
0.3475571572780609
0.3046238422393799
0.03819107636809349
0.0353798009455204
0.05345190688967705
0.02414865233004093
0.03189817816019058
0.10124319046735764
0.0603618286550045
0.09495653212070465
0.13575215637683868
0.009286894463002682
0.9238776564598083
0.839391827583313
0.944674015045166
0.2888236939907074
0.07479287683963776
0.19093061983585358
0.483834832906723
0.3990677297115326
0.09440720081329346
0.0836750715970993
0.0753684863448143
0.03849349543452263
0.09278152883052826
0.1734796166419983
0.16565048694610596
0.1830187439918518
0.9407365322113037
0.3775366544723511
0.18531757593154907
0.046972498297691345
0.21532399952411652
0.025102006271481514
0.020512253046035767
0.03497586026787758
0.6802417039871216
0.015883080661296844
0.3597968816757202
0.45472097396850586
0.009031416848301888
0.045751623809337616
0.011795060709118843
0.061388202011585236
0.027770167216658592
0.01984388381242752
0.026899468153715134
0.15212513506412506
0.1870383769273758
0.25054702162742615
0.006693215109407902
0.022939609363675117
0.00043767201714217663
0.016197573393583298
0.3207966387271881
0.1114496961236
0.0002397685602772981
0.032178450375795364
0.8839287757873535
0.3590673506259918
0.14023597538471222
0.12471993267536163
0.17432619631290436
0.1525406539440155
0.8783848285675049
0.2775428593158722
0.9794455766677856
0.35259824991226196
0.7817848324775696
0.27347061038017273
0.03413556516170502
0.9877136945724487
0.11552341282367706
0.07371906191110611
0.41369742155075073
0.07944515347480774
0.14199598133563995
0.24493147432804108
0.09868332743644714
0.6065542697906494
0.4723852276802063
0.46785667538642883
0.016561459749937057
0.2974373400211334
0.008762177079916
0.0382603295147419
0.011233644559979439
0.21088477969169617
0.1080341711640358
0.026016930118203163
0.010694850236177444
0.0716109499335289
0.0012692662421613932
0.001265031285583973
0.009276427328586578
0.34831681847572327
0.20187920331954956
0.006452708505094051
0.6893599033355713
0.2164417803287506
0.02260580286383629
0.27829238772392273
0.05633343756198883
0.5307955145835876
0.15436603128910065
0.31833451986312866
0.3711826503276825
0.6363491415977478
0.1329645812511444
0.006331284996122122
0.4624612629413605
0.3812720477581024
0.13074812293052673
0.6001116037368774
0.007198863197118044
0.01813691109418869
0.34110844135284424
0.01097689289599657
0.003803148167207837
0.014101950451731682
0.002218466717749834
0.011022266931831837
0.17054659128189087
0.12265054136514664
0.059295885264873505
0.21323256194591522
0.011559920385479927
0.06392312049865723
0.02931087650358677
0.19125907123088837
0.13600033521652222
0.15178947150707245
0.9735132455825806
0.24154341220855713
0.23375064134597778
0.16654400527477264
0.17449453473091125
0.033825818449258804
0.013960984535515308
0.047853734344244
0.22350557148456573
0.11280974000692368
0.2141876369714737
0.0011823755921795964
0.11309657245874405
0.35422998666763306
0.5464631915092468
0.4970804750919342
0.3517909646034241
0.021746797487139702
0.050875332206487656
0.1939791887998581
0.160028874874115
0.08448199182748795
0.11087693274021149
0.02655138075351715
0.05914491042494774
0.0964645966887474
0.09714453667402267
0.0005616203416138887
0.002184086013585329
0.24011388421058655
0.14007890224456787
0.006047165021300316
0.3623851537704468
0.05935724452137947
0.06846296787261963
0.6577247381210327
0.2785308361053467
0.6169533133506775
0.4967462718486786
0.6710407733917236
0.10918179154396057
0.13548389077186584
0.49446621537208557
0.2603147625923157
0.19995251297950745
0.004619501065462828
0.22910428047180176
0.04518057405948639
0.4329506754875183
0.44156813621520996
0.2998773455619812
0.7775677442550659
0.42999571561813354
0.22283925116062164
0.12361156195402145
0.4078844487667084
0.18331901729106903
0.7754470705986023
0.12587611377239227
0.007394285872578621
0.787496030330658
0.03444009646773338
0.4846601188182831
0.12454963475465775
0.08426505327224731
0.1523265838623047
0.40924787521362305
0.017085295170545578
0.011924716643989086
0.4962640106678009
0.02195434458553791
0.09791930764913559
0.3327908515930176
0.08839641511440277
0.12086495012044907
0.3991928696632385
0.7784751653671265
0.16110780835151672
0.018879804760217667
0.01603320613503456
0.08800337463617325
0.02787160687148571
0.06381481140851974
0.5710532665252686
0.05031481385231018
0.10140354931354523
0.9558305740356445
0.24892204999923706
0.09183930605649948
0.1293843686580658
0.07216809689998627
0.10210717469453812
0.08454223722219467
0.00461109634488821
0.43277689814567566
0.4461895823478699
0.24788247048854828
0.05348418280482292
0.11972682178020477
0.11139240115880966
0.19232077896595
0.06993382424116135
0.8222180604934692
0.6793882846832275
0.6239739060401917
0.6294479966163635
0.09390905499458313
0.443640798330307
0.38607072830200195
0.2497262954711914
0.3025262951850891
0.27577170729637146
0.4342479407787323
0.0525481142103672
0.7393863797187805
0.02472645416855812
0.09301550686359406
0.18422535061836243
0.008232112042605877
0.0016960485372692347
0.5255213975906372
0.016042711213231087
0.4912037253379822
0.3222925364971161
0.11357509344816208
0.21993610262870789
0.0782688707113266
0.33839476108551025
0.06006184220314026
0.006178154144436121
0.006084154825657606
0.19449274241924286
0.3510758578777313
0.21504083275794983
0.44102346897125244
0.4622715711593628
0.6575478911399841
0.656130313873291
0.507437527179718
0.10683690756559372
0.08684591948986053
0.8613349199295044
0.3874354958534241
0.12468012422323227
0.2815992832183838
0.09889360517263412
0.0424627847969532
0.08166386932134628
0.0562274195253849
0.26659512519836426
0.12445734441280365
0.3363248109817505
0.012916664592921734
0.554467499256134
0.7081725001335144
0.5425010919570923
0.0461185947060585
0.023200005292892456
0.06565973162651062
0.09480438381433487
0.02949889563024044
0.6059111952781677
0.007305652368813753
0.01660214737057686
0.003695243038237095
0.40571463108062744
0.004891710355877876
0.19705569744110107
0.012968659400939941
0.04975702241063118
0.09559032320976257
0.6330881714820862
0.27164989709854126
0.012969729490578175
0.027455490082502365
0.04515156149864197
0.2320249080657959
0.4389583468437195
0.08863469958305359
0.16053564846515656
0.4743286371231079
0.4894358813762665
0.00590881472453475
0.004145331215113401
0.10004399716854095
0.0008413289906457067
0.0004679627309087664
0.09667614847421646
0.017099663615226746
0.037518199533224106
0.35257697105407715
0.7652221322059631
0.023470576852560043
0.03284309804439545
0.6072640419006348
0.02381904423236847
0.0824938416481018
0.16514821350574493
0.051691632717847824
0.4564514756202698
0.0024018441326916218
0.0022919976618140936
0.49968209862709045
0.010561459697782993
0.030840415507555008
0.017617329955101013
0.030214963480830193
0.017390433698892593
0.002815541811287403
0.001691693440079689
0.08074815571308136
0.07564677298069
0.012603343464434147
0.0043516503646969795
0.2571021318435669
0.9452450275421143
0.033278729766607285
0.06300117075443268
0.021291125565767288
0.03876719996333122
0.3313749432563782
0.029294103384017944
0.019814275205135345
0.20267313718795776
0.1046854704618454
0.005723350681364536
0.10314826667308807
0.028275705873966217
0.44994428753852844
0.16210439801216125
0.003035028465092182
0.05065316706895828
0.11882691085338593
0.549747884273529
0.10898106545209885
0.849194347858429
0.3854011595249176
0.2606176435947418
0.20367766916751862
0.630125880241394
0.05488920211791992
0.11811543256044388
0.09009244292974472
0.5441098213195801
0.17685455083847046
0.10177034139633179
0.10999281704425812
0.10032546520233154
0.13572876155376434
0.026031944900751114
0.019671909511089325
0.3399040102958679
0.043474674224853516
0.03266213461756706
0.0033301017247140408
0.19216515123844147
0.05013887956738472
0.0042897919192910194
0.00016580161172896624
0.3460669219493866
0.2395545095205307
0.09954173862934113
0.42469561100006104
0.1139397993683815
0.13288620114326477
0.4912037253379822
0.0004673027142416686
0.49293053150177
0.15279605984687805
0.495288223028183
0.43134042620658875
0.4376334846019745
0.664491593837738
0.3084750473499298
0.022419581189751625
0.009123330004513264
0.04727701097726822
0.03867340832948685
0.24982714653015137
0.14918600022792816
0.01688350737094879
0.10520084202289581
0.05322720855474472
0.04772651940584183
0.31539157032966614
0.008890189230442047
0.3888068199157715
0.3161459267139435
0.203475683927536
0.008057954721152782
0.06645802408456802
0.930210530757904
0.5305532217025757
0.28753653168678284
0.06191292777657509
0.0901603251695633
0.000455545901786536
0.0008130279020406306
0.020151469856500626
0.15670739114284515
0.11470073461532593
0.0911998599767685
0.10257697105407715
0.009597014635801315
0.14171729981899261
0.02398696169257164
0.00887108314782381
0.050342220813035965
0.00944419577717781
0.062352072447538376
0.026059864088892937
0.7175115942955017
0.0685734823346138
0.5019648671150208
0.029225556179881096
0.004366246052086353
0.03228485584259033
0.22310031950473785
0.43416351079940796
0.05483365058898926
0.016834823414683342
0.45690473914146423
0.005022449418902397
0.13083338737487793
0.02464471198618412
0.03657007962465286
0.03099021129310131
0.08166030049324036
0.072328582406044
0.038214221596717834
0.02856464870274067
0.5851333737373352
0.41525503993034363
0.11369771510362625
0.06977827101945877
0.4855145215988159
0.21003064513206482
0.03163468837738037
0.19508682191371918
0.710588812828064
0.03772304952144623
0.16546133160591125
0.13334773480892181
0.8649411201477051
0.10598593205213547
0.4660002589225769
0.0011020737001672387
0.08946617692708969
0.008558278903365135
0.08056457340717316
0.36006373167037964
0.06720023602247238
0.6028128862380981
0.001028125756420195
0.4038383662700653
0.42616140842437744
0.18545293807983398
0.05565187707543373
0.2731589078903198
0.03197231516242027
0.2779310643672943
0.08712093532085419
0.05681651458144188
0.3507304787635803
0.03095485456287861
0.09875144064426422
0.2768572270870209
0.037763483822345734
0.0790216252207756
0.0004015563172288239
0.0033086168114095926
0.039035696536302567
0.21739520132541656
0.45178380608558655
0.8290207386016846
0.15798375010490417
0.004398873075842857
0.11858006566762924
0.28185564279556274
0.2223179191350937
0.002891237149015069
0.06873762607574463
0.3928106427192688
0.12063346058130264
0.27701693773269653
0.24518562853336334
0.09085820615291595
0.48317816853523254
0.653092086315155
0.07619936764240265
0.009079609997570515
0.5367765426635742
0.08600122481584549
0.023724518716335297
0.09521175175905228
0.13279542326927185
0.09392602741718292
0.005057063885033131
0.07746560871601105
0.47040554881095886
0.04395197704434395
0.055767301470041275
0.06544062495231628
0.04065023362636566
0.13429845869541168
0.09505660831928253
0.3210494816303253
0.03877381980419159
0.010638433508574963
0.7064251899719238
0.003966460935771465
0.048689231276512146
0.1697162687778473
0.013437887653708458
0.18065980076789856
0.04978564381599426
0.08486229926347733
0.1208423599600792
0.22391743957996368
0.027012405917048454
0.06798364967107773
0.004198178648948669
0.5065803527832031
0.7029677629470825
0.31066185235977173
0.04219108074903488
0.017743535339832306
0.0014411511365324259
0.06313583999872208
0.30221864581108093
0.4469708502292633
0.002567192306742072
0.02308192104101181
0.18803319334983826
0.001829904387705028
0.02526233345270157
0.18668504059314728
0.1664571464061737
0.0673486664891243
0.23146876692771912
0.06631115078926086
0.0494370199739933
0.09933751076459885
0.0009507072390988469
0.037152618169784546
0.0009848038898780942
0.01250699907541275
0.017232513055205345
0.14020782709121704
0.1635752171278
0.28547045588493347
0.007617566268891096
0.055625054985284805
0.008376299403607845
0.1388452649116516
0.19778254628181458
0.01908646710216999
0.004542273469269276
0.18484239280223846
0.24128024280071259
0.07372176647186279
0.001482853083871305
0.007305568549782038
0.006383887957781553
0.006994349416345358
0.04675021022558212
0.14820903539657593
0.17837828397750854
0.12278685718774796
0.0010604049311950803
0.17189282178878784
0.42982110381126404
0.411019504070282
0.033701345324516296
0.03702222928404808
0.14655320346355438
0.000979329110123217
0.022488173097372055
0.22034919261932373
0.05020494386553764
0.02364673651754856
0.017579197883605957
0.0003983787610195577
0.057021863758563995
0.02519221417605877
0.09979509562253952
0.01288528461009264
0.0964321568608284
0.04992435872554779
0.1726672351360321
0.00801228079944849
0.028166739270091057
0.020997025072574615
0.030193747952580452
0.26586291193962097
0.16705283522605896
0.047529540956020355
0.005149478558450937
0.024593599140644073
0.02714427001774311
0.28150659799575806
0.08131669461727142
0.1507248729467392
0.09769605100154877
0.2775438129901886
0.025356177240610123
0.010478590615093708
0.023529130965471268
0.00038532662438228726
0.8936393857002258
0.27931079268455505
0.06692532449960709
0.1737324595451355
0.36582151055336
0.09153573960065842
0.04905560612678528
0.12752656638622284
0.022460300475358963
0.007219478487968445
0.007152186241000891
0.04736320674419403
0.0675991103053093
0.10515657812356949
0.08533772081136703
0.13464544713497162
0.14120078086853027
0.08173839002847672
0.003587957238778472
0.01384584791958332
0.002536774380132556
0.10388918220996857
0.005750901531428099
0.07897617667913437
0.10125229507684708
0.015363946557044983
0.01607976295053959
0.8296206593513489
0.28833967447280884
0.6268209218978882
0.001383720082230866
0.5171350240707397
0.11447872966527939
0.19233189523220062
0.03674245998263359
0.029583800584077835
0.47768282890319824
0.020851733162999153
0.004300224129110575
0.22887572646141052
0.04716290906071663
0.27739793062210083
0.24230137467384338
0.08690663427114487
0.15661875903606415
0.0118261082097888
0.06124306842684746
0.1048794612288475
0.014514434151351452
0.06326497346162796
0.06678704917430878
0.06518755853176117
0.0005868367152288556
0.06530578434467316
0.05029051750898361
0.001220919657498598
0.7903227806091309
0.7027789354324341
0.1238081082701683
0.014135578647255898
0.007378816604614258
0.2061871439218521
0.8359866142272949
0.18908680975437164
0.5059055685997009
0.03434782475233078
0.0355275459587574
0.003194742603227496
0.8420613408088684
0.3170866072177887
0.10036353021860123
0.2674573063850403
0.5002930164337158
0.46491461992263794
0.0193085465580225
0.04147518053650856
0.3593328893184662
0.007808994967490435
0.054443251341581345
0.011473243124783039
0.3730490207672119
0.08460468053817749
0.21336305141448975
0.0271554347127676
0.059592392295598984
0.12424421310424805
0.013854116201400757
0.20131663978099823
0.5216708779335022
0.38297557830810547
0.024800971150398254
0.10363760590553284
0.010544033721089363
0.09372264891862869
0.001404522336088121
0.43510523438453674
0.011986342258751392
0.0030341269448399544
0.6827554702758789
0.045192379504442215
0.018127426505088806
0.9373156428337097
0.063580721616745
0.17633169889450073
0.10817156732082367
0.37463000416755676
0.001084443530999124
0.005905663128942251
0.011474008671939373
0.04912712052464485
0.40920451283454895
0.0989433005452156
0.0714624673128128
0.005323789082467556
0.05313395336270332
0.337532639503479
0.12500056624412537
0.7372108697891235
0.8989458680152893
0.007058735936880112
0.00727194594219327
0.0021720302756875753
0.018846187740564346
0.006645487155765295
0.8360944390296936
0.2498520165681839
0.7021963596343994
0.2064495086669922
0.01727091148495674
0.020871520042419434
0.02431745082139969
0.3721049129962921
0.12237795442342758
0.0117311617359519
0.15060900151729584
0.023693926632404327
0.027865726500749588
0.08337480574846268
0.2153988480567932
0.4131211042404175
0.07748528569936752
0.006109653972089291
0.10358985513448715
0.13036541640758514
0.033305343240499496
0.20158082246780396
0.01736399158835411
0.002915679942816496
0.2633552849292755
0.30977651476860046
0.19127951562404633
0.23942938446998596
0.28108054399490356
0.011071386747062206
0.18338662385940552
0.059164512902498245
0.20539267361164093
0.06656569987535477
0.3922126889228821
0.6728008985519409
0.23231402039527893
0.6734712719917297
0.5309130549430847
0.033069197088479996
0.10906483978033066
0.019030064344406128
0.5814415812492371
0.0008055107900872827
0.0001706713519524783
0.028290480375289917
0.002917956793680787
0.04665864631533623
0.04765899106860161
0.008360604755580425
0.012562567368149757
0.023502415046095848
0.09377298504114151
0.002244077855721116
0.017905807122588158
0.029619434848427773
0.0009068018407560885
0.7451414465904236
0.0026938181836158037
0.021613506600260735
0.009840983897447586
0.03217942267656326
0.0068170758895576
0.04010763019323349
0.007636747322976589
0.20408695936203003
0.07765229791402817
0.1317872405052185
0.9404774904251099
0.08435910940170288
0.21752960979938507
0.02844611555337906
0.02813127636909485
0.00634809909388423
0.0021751406602561474
0.021967481821775436
0.016025975346565247
0.9133821725845337
0.41643190383911133
0.7087312340736389
0.08118659257888794
0.40052443742752075
0.24942313134670258
0.12436652183532715
0.00753448624163866
0.013171146623790264
0.25106146931648254
0.10841403901576996
0.08768254518508911
0.1159953847527504
0.0019316585967317224
0.026365509256720543
0.1690691113471985
0.13909102976322174
0.0008137582335621119
0.664146363735199
0.019568320363759995
0.0013397132279351354
0.0021941373124718666
0.08946244418621063
0.2801552414894104
0.10303328931331635
0.013514993712306023
0.009186987765133381
0.10176102072000504
0.1136479303240776
0.07738769054412842
0.005023641977459192
0.2492370903491974
0.14143340289592743
0.23931701481342316
0.5687784552574158
0.43769821524620056
0.04065815359354019
0.122995525598526
0.21763876080513
0.41699814796447754
0.0004098636854905635
0.10021208226680756
0.1330329030752182
0.007420094218105078
0.04454350098967552
0.04518021643161774
0.038067515939474106
0.27261608839035034
0.2523748576641083
0.13549983501434326
0.001605276600457728
0.0011867978610098362
0.022152584046125412
0.24642165005207062
0.15703339874744415
0.051980096846818924
0.05312749370932579
0.05556727573275566
0.15499210357666016
0.2554158568382263
0.10247455537319183
0.032859303057193756
0.10130493342876434
0.006448282394558191
0.00407642126083374
0.11638718098402023
0.48474347591400146
0.028270326554775238
0.6344191431999207
0.5438195466995239
0.2849547863006592
0.7947931885719299
0.03035261668264866
0.3885265290737152
0.3720467984676361
0.02646394446492195
0.00605257973074913
0.0013963393867015839
0.07841155678033829
0.3184301257133484
0.29191774129867554
0.06206101179122925
0.043538082391023636
0.3873871862888336
0.1622178703546524
0.01730377785861492
0.1288195252418518
0.0033263182267546654
0.005483347922563553
0.10234273225069046
0.018592149019241333
0.09745150804519653
0.0014995528617873788
0.0016714290250092745
0.03797128424048424
0.06180407106876373
0.429493248462677
0.20371608436107635
0.09366501122713089
0.07253840565681458
0.19115927815437317
0.2354881912469864
0.008160220459103584
0.010719571262598038
0.5927728414535522
0.18828950822353363
0.8312472105026245
0.023107871413230896
0.3673599064350128
0.3804197907447815
0.2337578535079956
0.018878670409321785
0.062191933393478394
0.03365321084856987
0.1800287365913391
0.08375120908021927
0.0018514270195737481
0.0029623310547322035
0.011234582401812077
0.12249936908483505
0.17772161960601807
0.06933915615081787
0.02092219889163971
0.03177748620510101
0.08289861679077148
0.013718872331082821
0.3714095652103424
0.3907080590724945
0.0007155314087867737
0.04342588037252426
0.014381272718310356
0.11676640063524246
0.12649427354335785
0.023333599790930748
0.011318318545818329
0.03307007998228073
0.09762140363454819
0.035505734384059906
0.033969588577747345
0.15121476352214813
0.46131572127342224
0.10199940949678421
0.0007653527427464724
0.34756505489349365
0.03522929921746254
0.08319141715765
0.7974642515182495
0.05248573422431946
0.07730382680892944
0.005581332370638847
0.19405068457126617
0.0057921027764678
0.22411826252937317
0.007497825659811497
0.10705618560314178
0.015557212755084038
0.045769091695547104
0.1611737310886383
0.0937257781624794
0.06021563336253166
0.030726661905646324
0.028526319190859795
0.014621514827013016
0.22301605343818665
0.045535340905189514
0.16687576472759247
0.08810213208198547
0.039771173149347305
0.039256904274225235
0.0840272381901741
0.057394370436668396
0.01442011073231697
0.046909961849451065
0.008873582817614079
6.840627611381933e-05
0.020586267113685608
0.03232365846633911
0.09112510830163956
0.24396701157093048
0.022197984158992767
0.04356854781508446
0.024906238541007042
0.020687418058514595
0.00894080474972725
0.02195640280842781
0.04207582026720047
0.03973997011780739
0.01604447141289711
0.05991825833916664
0.01142492238432169
0.15832187235355377
0.4462718963623047
0.05359971150755882
0.2638729214668274
0.02553650736808777
0.013675934635102749
0.3331945538520813
0.16155119240283966
0.28277987241744995
0.10069496184587479
0.265456885099411
0.285593718290329
0.02437966875731945
0.017119741067290306
0.003083603922277689
0.03956754505634308
0.01703336276113987
0.4424450397491455
0.01701435260474682
0.02126316912472248
0.02494172565639019
0.012509563937783241
0.09076705574989319
0.00935304444283247
0.2825429141521454
0.061096686869859695
0.19784532487392426
0.4078419804573059
0.08203033357858658
0.025448603555560112
0.07321745157241821
0.6650565266609192
0.13252851366996765
0.07690832018852234
0.030775167047977448
0.054243579506874084
0.3585025370121002
0.13967569172382355
0.24809162318706512
0.12383143603801727
0.2722482681274414
0.06895726919174194
0.07632926851511002
0.09795424342155457
0.006591561250388622
0.03872627764940262
0.3022201657295227
0.0021734165493398905
0.672600269317627
0.4074587821960449
0.0069058616645634174
0.1500055193901062
0.053046815097332
0.00846658181399107
0.00925713125616312
0.010617007501423359
0.22189484536647797
0.009982847608625889
0.39957478642463684
0.1140637919306755
0.003049722872674465
0.3120826482772827
0.7388403415679932
0.12193573266267776
0.740060567855835
0.08757787197828293
0.3722676634788513
0.23755408823490143
0.05510735511779785
0.03550831601023674
0.07163988053798676
0.11478805541992188
0.06996983289718628
0.007333675865083933
0.8703886866569519
0.5894951820373535
0.052713096141815186
0.0972374752163887
0.008073585107922554
0.5651254653930664
0.33433854579925537
0.11171341687440872
0.16100646555423737
0.08249705284833908
0.11792904138565063
0.4227699339389801
0.002137015573680401
0.007148681208491325
0.07555318623781204
0.007059688214212656
0.15450865030288696
0.024871399626135826
0.008160216733813286
0.0028166186530143023
0.010013741441071033
0.347683846950531
0.05495218560099602
0.033983610570430756
0.02531198039650917
0.011284970678389072
0.14506550133228302
0.036432404071092606
0.06399181485176086
0.07978770136833191
0.34755924344062805
0.40593284368515015
0.0879499539732933
0.03755251690745354
0.24704217910766602
0.12861455976963043
0.032596539705991745
0.05114347115159035
0.12890416383743286
0.041401054710149765
0.02176092565059662
0.02457122690975666
0.379625529050827
0.0036990968510508537
0.050848037004470825
0.004616059362888336
0.01388453133404255
0.002694834256544709
0.003921336494386196
0.00864927377551794
0.2620757818222046
0.02815103530883789
0.0032448205165565014
0.04580851271748543
0.058207422494888306
0.45826423168182373
0.029016897082328796
0.386018842458725
0.010990840382874012
0.03021411970257759
0.20973683893680573
0.046128470450639725
0.46788734197616577
0.10989721864461899
0.0009730433230288327
0.010971089825034142
0.001011861371807754
0.06041005998849869
0.00966216716915369
0.4037764072418213
0.010195359587669373
0.040694840252399445
0.023476654663681984
0.042462531477212906
0.15002231299877167
0.0874297097325325
0.13698650896549225
0.08795800060033798
0.01554047130048275
0.013688141480088234
0.02096845582127571
0.027071282267570496
0.13351662456989288
0.030608804896473885
0.09518669545650482
0.036363258957862854
0.01609921269118786
0.009743781760334969
0.05336731672286987
0.005660805385559797
0.10636883974075317
0.005482079926878214
0.027124421671032906
0.24629290401935577
0.2803741991519928
0.2207506150007248
0.1336122751235962
0.06544151157140732
0.023143693804740906
0.0049019441939890385
0.04367765039205551
0.502548336982727
0.2615468502044678
0.5354611873626709
0.29609063267707825
0.0691588819026947
0.016109686344861984
0.06199014559388161
0.15925128757953644
0.05587804690003395
0.11719605326652527
0.1538630574941635
0.2696700394153595
0.02611316554248333
0.05199328437447548
0.006553023587912321
0.002783447038382292
0.00036887414171360433
0.2261679321527481
0.17523474991321564
0.07219185680150986
0.02755221351981163
0.19787798821926117
0.4938603639602661
0.0009428554913029075
0.29836925864219666
0.165193110704422
0.5720982551574707
0.2749570310115814
0.08699894696474075
0.3136126399040222
0.9391077756881714
0.02695351652801037
0.7886454463005066
0.47418251633644104
0.0545593686401844
0.18494059145450592
0.6512952446937561
0.20091931521892548
0.08724265545606613
0.027291588485240936
0.025789353996515274
0.013423369266092777
0.007646859157830477
0.01627275161445141
0.029196221381425858
0.2849065959453583
0.1807219237089157
0.4412667751312256
0.23526334762573242
0.15191689133644104
0.10282678157091141
0.05334322154521942
0.19500841200351715
0.12335610389709473
0.32340508699417114
0.12623131275177002
0.011973780579864979
0.0028989403508603573
0.01819104328751564
0.522697389125824
0.04066102206707001
0.5853630900382996
0.4143320918083191
0.17065592110157013
0.038226112723350525
0.04333479329943657
0.010105566121637821
0.16167877614498138
0.5240562558174133
0.05936981365084648
0.0020866866689175367
0.0017322353087365627
0.23365171253681183
0.047896549105644226
0.4231860041618347
0.42556390166282654
0.15035532414913177
0.21241974830627441
0.0022242616396397352
0.031354304403066635
0.0032577565871179104
0.2704579830169678
0.09869106858968735
0.00941099226474762
0.18717114627361298
0.06596710532903671
0.06420275568962097
0.057921428233385086
0.028385575860738754
0.034266065806150436
0.5455504059791565
0.005999061278998852
0.01660209149122238
0.02819015271961689
0.0077521903440356255
0.6598849892616272
0.00012596992019098252
0.023617910221219063
0.060346607118844986
0.45546892285346985
0.004043982829898596
0.008537503890693188
0.0014672639081254601
0.03795159235596657
0.09575624763965607
0.37202268838882446
0.4657756984233856
0.1035362035036087
0.027340145781636238
0.4677925407886505
0.051447637379169464
0.02374391071498394
0.020188545808196068
0.09647517651319504
0.6665484309196472
0.177093967795372
0.24583718180656433
0.31970280408859253
0.0252006184309721
0.08419033139944077
0.23615629971027374
0.13152560591697693
0.7944549918174744
0.028836769983172417
0.007578116375952959
0.27130603790283203
0.15365488827228546
0.6160361766815186
0.34765538573265076
0.8294556140899658
0.11990353465080261
0.06020594388246536
0.43989622592926025
0.514590322971344
0.5507550239562988
0.18126139044761658
0.35536515712738037
0.0009186742245219648
0.0017917362274602056
0.003367084776982665
0.04181523621082306
0.26076433062553406
0.007166131399571896
0.002334224060177803
0.04219699651002884
0.0454799085855484
0.07886987924575806
0.39290738105773926
0.07058998942375183
0.0799269750714302
0.0009535207063890994
0.13040633499622345
0.001222109654918313
0.005504255183041096
0.05834422633051872
0.20528991520404816
0.9184819459915161
0.148733988404274
3.3365849958499894e-05
0.06534472107887268
0.09979421645402908
0.07520534098148346
0.2080404907464981
0.9103603363037109
0.030106574296951294
0.011779474094510078
0.08433497697114944
0.016713900491595268
0.08677822351455688
0.36899682879447937
0.0014058523811399937
0.026186933740973473
0.07694364339113235
0.10394765436649323
0.04896852746605873
0.05074506998062134
0.1288253366947174
0.2935532331466675
0.09575944393873215
0.7130142450332642
0.19341357052326202
0.04874613508582115
0.1139998808503151
0.00014320034824777395
0.028818350285291672
0.06780114769935608
0.01949337311089039
0.13637138903141022
0.005877199582755566
0.03604501113295555
0.875887393951416
0.0020703275222331285
0.6598996520042419
0.08774038404226303
0.021008271723985672
0.03855166956782341
0.3444867432117462
0.004458448849618435
0.1086062341928482
0.0036915517412126064
0.007451516110450029
0.19601790606975555
0.6414422988891602
0.7920089960098267
0.08383312076330185
0.07671939581632614
0.2052108347415924
0.017169496044516563
0.0017799371853470802
0.16770897805690765
0.09903078526258469
0.5810969471931458
0.00946799386292696
0.008080903440713882
0.9826980233192444
0.08937113732099533
0.02092587575316429
0.06312563270330429
0.09735984355211258
0.010073698125779629
0.1908368617296219
0.053828753530979156
0.024677760899066925
0.040699176490306854
0.013509826734662056
0.05961731821298599
0.1731196790933609
0.15005037188529968
0.44039565324783325
0.026083385571837425
0.0025876096915453672
0.11431428790092468
0.02825172431766987
0.006543512921780348
0.01610807329416275
0.07356400787830353
0.06880593299865723
0.003491268027573824
0.019616708159446716
0.004068688489496708
0.08759169280529022
0.43077734112739563
0.02388889342546463
0.06783997267484665
0.0033401763066649437
0.06634052842855453
0.10843854397535324
0.06746494024991989
0.3180364668369293
0.14472079277038574
0.15410640835762024
0.877988338470459
0.4383668899536133
0.1071239784359932
0.5253497362136841
0.4678474962711334
0.15531034767627716
0.2788807153701782
0.5093358755111694
0.03872890770435333
0.5845747590065002
0.1323295384645462
0.04142262786626816
0.04154585301876068
0.02573588490486145
0.30167117714881897
0.12812712788581848
0.3132004141807556
0.018653808161616325
0.41469183564186096
0.10344934463500977
0.009193197824060917
0.29943692684173584
0.02260550670325756
0.0889422595500946
0.06630155444145203
0.005512896925210953
0.0038612820208072662
0.023690558969974518
0.0093837296590209
0.036047227680683136
0.3326755166053772
0.31331172585487366
0.24763835966587067
0.3328854441642761
0.004987379536032677
0.03712669014930725
0.11825194954872131
0.012152653187513351
0.010703211650252342
0.5507550239562988
0.9734781980514526
0.014700112864375114
0.21085809171199799
0.003807134460657835
0.007204972207546234
0.14827615022659302
0.022305330261588097
0.059014420956373215
0.09968594461679459
0.06256712228059769
0.011836759746074677
0.027266645804047585
0.10990706831216812
0.01059297751635313
7.296526746358722e-05
0.21035060286521912
0.0071963234804570675
0.008719372563064098
0.2565498948097229
0.09064856171607971
0.0422201007604599
0.15911363065242767
0.11968104541301727
0.02284841611981392
0.002922296989709139
0.2209949493408203
0.02171863056719303
0.24464495480060577
0.36405637860298157
0.7988206148147583
0.014332625083625317
0.00043857516720891
0.029580499976873398
0.26733264327049255
0.5027269124984741
0.1436850130558014
0.7649250030517578
0.002086217049509287
0.6935597062110901
0.00027296700864098966
0.32846829295158386
0.05169425904750824
0.2305566668510437
0.01380989234894514
0.02561078406870365
0.013218057341873646
0.010917114093899727
0.3503405451774597
0.013047128915786743
0.1687234491109848
0.46311384439468384
0.1631905436515808
0.6513665318489075
0.23721837997436523
0.011697061359882355
0.43571311235427856
0.3547348082065582
0.23052996397018433
0.026725756004452705
0.09527003765106201
0.053547635674476624
0.010622511617839336
0.9127960801124573
0.1392306536436081
0.024642866104841232
0.14521166682243347
0.01064153853803873
0.0070297010242938995
0.03129583224654198
0.7707998752593994
0.044903714209795
0.6499707102775574
0.4117816388607025
0.6226633787155151
0.6969662308692932
0.017003653571009636
0.03569347783923149
0.01568779908120632
0.0015176271554082632
0.06009918451309204
0.05809987336397171
0.04852702096104622
0.002953397575765848
0.02074366807937622
0.02030348591506481
0.0030954736284911633
0.0011909203603863716
0.005233235191553831
0.24030274152755737
0.02675790898501873
0.04598795622587204
0.007716862019151449
0.0006301187677308917
0.0017900991952046752
0.00016568749560974538
0.11297623813152313
0.007092863786965609
0.007881090976297855
0.12763892114162445
0.014990103431046009
0.14203546941280365
0.10375341027975082
0.0003392326761968434
0.02451888658106327
0.023497721180319786
0.0022959213238209486
0.448827862739563
0.0007422635098919272
0.014828347600996494
0.007351149804890156
0.010298903100192547
0.02600483037531376
0.09580385684967041
0.008839860558509827
0.012252050451934338
0.07495498657226562
0.2510164678096771
0.07467960566282272
0.026925474405288696
0.04569194093346596
0.01928219199180603
0.020346814766526222
0.021333880722522736
0.23398613929748535
0.00853327102959156
0.03352026641368866
0.06353501975536346
0.01720876432955265
0.001473685260862112
0.0007416991866193712
0.0028400311712175608
0.05371619388461113
0.12501439452171326
0.049710456281900406
0.0038538139779120684
0.11150017380714417
0.0768931433558464
0.08065470308065414
0.06701863557100296
0.02100548706948757
0.03833422809839249
0.5312416553497314
0.008493942208588123
0.4960189759731293
0.25239303708076477
0.1498173624277115
0.0350678488612175
0.0340346023440361
0.03407631441950798
0.01728247106075287
0.11574841290712357
0.28436508774757385
0.3273778259754181
0.14286376535892487
0.009034160524606705
0.010970870032906532
0.3089729845523834
0.26818591356277466
0.023675134405493736
0.1134609580039978
0.13411003351211548
0.24203120172023773
0.022422809153795242
0.025604592636227608
0.00926826149225235
0.01816251128911972
0.007432584185153246
0.0041160499677062035
0.0005981021095067263
0.015342232771217823
0.006893872283399105
0.01424685213714838
0.08106034994125366
0.5308519005775452
0.1963835060596466
0.054419152438640594
0.5420701503753662
0.05626538395881653
0.005248779896646738
0.20406503975391388
0.18700885772705078
0.087860107421875
0.06773890554904938
0.00673374580219388
0.011784379370510578
0.007934238761663437
0.001067640958353877
0.5061448812484741
0.02293304167687893
0.013898216187953949
0.14134906232357025
0.022771887481212616
0.0012199594639241695
0.010224131867289543
0.01017699483782053
0.2302795797586441
0.010819426737725735
0.017008090391755104
0.030600784346461296
0.06611796468496323
0.2164417803287506
0.01658761128783226
0.14147143065929413
0.8398857116699219
0.0065628960728645325
0.3559017777442932
0.27194851636886597
0.2805720567703247
0.11873116344213486
0.7609241604804993
0.5349864959716797
0.1388765424489975
0.03038913942873478
0.11616426706314087
0.984642505645752
0.041037771850824356
0.24670007824897766
0.05307134613394737
0.024399898946285248
0.031380411237478256
0.0010183907579630613
0.023215116932988167
0.029804009944200516
0.0031201280653476715
0.26189208030700684
0.04315387085080147
0.6114544868469238
0.2917015254497528
0.015008477494120598
0.035950612276792526
0.183204784989357
0.37287211418151855
0.3058033287525177
0.6495236754417419
0.3842697739601135
0.030445633456110954
0.01928502693772316
0.0718764066696167
0.06579206883907318
0.0013282154686748981
0.08186723291873932
0.09410203248262405
0.05810857564210892
0.3365517854690552
0.39807790517807007
0.5509898066520691
0.2936532497406006
0.08230840414762497
0.2544916570186615
0.30112728476524353
0.3523648977279663
0.29962435364723206
0.9534682035446167
0.019279280677437782
0.7957130670547485
0.26659703254699707
0.7763543128967285
0.9434823393821716
0.11752830445766449
0.48756468296051025
0.08128343522548676
0.9558871984481812
0.27249839901924133
0.4948742687702179
0.3104672133922577
0.3596292734146118
5.71743403270375e-05
0.46986302733421326
0.03626484423875809
0.059824343770742416
0.2620069980621338
0.5960845947265625
0.026611363515257835
0.9921942353248596
0.992435097694397
0.9935882091522217
0.27633798122406006
0.060484785586595535
0.7194465398788452
0.06416977196931839
0.9389632344245911
0.013720867224037647
0.9912008047103882
0.8655532002449036
0.9750946164131165
0.9618734121322632
0.9633404016494751
0.038125183433294296
0.28951194882392883
0.24774153530597687
0.5233316421508789
0.37003475427627563
0.005756243132054806
0.42317870259284973
0.26215365529060364
0.2079816460609436
0.9722220301628113
0.05707322061061859
0.2996489405632019
0.3780990540981293
0.039837755262851715
0.04326773062348366
0.2619972229003906
0.06218358874320984
0.0343957245349884
0.30502328276634216
0.2341984063386917
0.6405588984489441
0.13926076889038086
0.039889924228191376
0.45843514800071716
0.27462059259414673
0.7852912545204163
0.6971677541732788
0.5312592387199402
0.43657150864601135
0.1667582243680954
0.02345954440534115
0.4339728355407715
0.47506657242774963
0.3225831091403961
0.004899551626294851
0.00787791982293129
0.9975754022598267
0.8231447339057922
0.30282795429229736
0.25791847705841064
0.5435518026351929
0.10452119261026382
0.08329121768474579
0.005746535025537014
0.18014614284038544
0.061508115381002426
0.0017117896350100636
0.9685150980949402
0.12474530190229416
0.6859155893325806
0.13331501185894012
0.7742512226104736
0.8630142211914062
0.045336928218603134
0.43187832832336426
0.0039001600816845894
0.915585994720459
0.9779806733131409
0.9914206266403198
0.9789867401123047
0.09538315236568451
0.059023961424827576
0.023091543465852737
0.986730694770813
0.4025236964225769
0.9870985150337219
2.311621210537851e-05
0.202534481883049
0.45546072721481323
0.0629734918475151
0.24553489685058594
0.9381251931190491
0.632895827293396
0.21011920273303986
0.4695558547973633
0.4913305938243866
0.4501953125
0.18354551494121552
0.6478274464607239
0.3365617096424103
0.1555732786655426
6.416242831619456e-05
0.08405707776546478
0.21807841956615448
0.25686436891555786
0.2251962423324585
0.2985008656978607
0.2723144292831421
0.05316321179270744
0.05071331933140755
0.018725955858826637
0.00044451814028434455
0.12615564465522766
0.10942033678293228
0.1493246704339981
0.04625697061419487
0.048395417630672455
0.3787239193916321
0.03157611936330795
0.0327754020690918
0.037151288241147995
0.5225433707237244
0.0690423846244812
0.7692833542823792
0.42605897784233093
0.09767211228609085
0.06062284857034683
0.40242889523506165
0.3559291362762451
0.3651912808418274
0.48049086332321167
0.7600937485694885
0.1879996508359909
0.9417673945426941
0.001833022921346128
0.9604350924491882
0.2936532497406006
0.0065146866254508495
0.5875232219696045
0.0049126590602099895
0.002189158694818616
0.11680491268634796
0.7615108489990234
0.29740822315216064
0.6754612326622009
0.023760288953781128
0.9653559327125549
0.8700656294822693
0.1389259397983551
0.01820826157927513
0.10271747410297394
0.10470489412546158
0.2896604537963867
0.12755678594112396
0.39042726159095764
0.006466775666922331
0.15054453909397125
0.28100791573524475
0.17463795840740204
0.30470919609069824
0.8850134015083313
0.020992141216993332
0.48983943462371826
0.03188711404800415
0.03188711404800415
0.02117007039487362
0.027185941115021706
0.09964148700237274
0.508874773979187
0.24665550887584686
0.023927005007863045
0.009709669277071953
0.02419413812458515
0.5795430541038513
0.08312507718801498
0.13783231377601624
0.9733778834342957
0.8931549787521362
0.0838010236620903
0.6488059759140015
0.033570267260074615
0.358555406332016
0.36646318435668945
0.15709878504276276
0.08355453610420227
0.2893027365207672
0.31902027130126953
0.10733813792467117
0.8901495933532715
0.4974888563156128
0.04131418466567993
0.003509155008941889
0.46175509691238403
0.07604938000440598
0.9605118632316589
0.909648597240448
0.4462197721004486
0.15294450521469116
0.03731502592563629
0.763757586479187
0.9096928834915161
0.48435789346694946
0.33002224564552307
0.2955317199230194
0.0026195214595645666
0.8049158453941345
0.854369580745697
0.46459171175956726
0.0011609476059675217
0.16005350649356842
0.20754384994506836
0.3741394281387329
0.056404680013656616
0.27091243863105774
0.04149484261870384
0.08799467235803604
0.4307704269886017
0.007404496893286705
0.008593275211751461
0.16007395088672638
0.8461156487464905
0.812903881072998
0.9184444546699524
0.9307645559310913
0.9698246717453003
0.9840230941772461
0.4758966863155365
0.07861264795064926
0.21936418116092682
0.06148197501897812
0.9423856735229492
0.9383423924446106
0.06209222599864006
0.023037048056721687
0.25415173172950745
0.24586686491966248
0.20000843703746796
0.03798355534672737
0.6002042889595032
0.5570986866950989
0.13583894073963165
0.48919394612312317
0.30999043583869934
0.7440381050109863
0.1708538830280304
0.023480331525206566
0.027807554230093956
0.038125183433294296
0.7262218594551086
0.012474377639591694
0.9725968241691589
0.11752141267061234
0.1243131011724472
0.11789187788963318
0.17046478390693665
0.1641516536474228
0.4625595808029175
0.08493342995643616
0.7797460556030273
0.9000836610794067
0.8776362538337708
0.4855184257030487
0.2890470325946808
0.0022989800199866295
0.018030941486358643
0.1039930135011673
0.045464567840099335
0.02613653615117073
0.9617651104927063
0.9694876670837402
0.9740430116653442
0.7842637896537781
0.166532963514328
0.2979453504085541
0.6346678733825684
0.28348857164382935
0.24670523405075073
0.3478143811225891
0.27969393134117126
0.015333237126469612
0.15758991241455078
0.9200446605682373
0.9851633310317993
0.9952114820480347
0.9428299069404602
0.5093661546707153
0.24773089587688446
0.5012089610099792
0.28105413913726807
0.9255614876747131
0.02436891198158264
0.31044068932533264
0.8658362030982971
0.9029024839401245
0.9629086256027222
0.09010078012943268
0.4431636929512024
0.24958188831806183
0.3992657959461212
0.8740627765655518
0.6725290417671204
0.991852879524231
0.9506511688232422
0.060952022671699524
0.14192979037761688
0.9790666103363037
0.007240235339850187
0.009530407376587391
0.06768440455198288
0.9481737017631531
4.061547224409878e-05
0.3491440713405609
0.061190977692604065
0.004096725955605507
0.09067824482917786
0.4527409076690674
0.08070950955152512
0.43928396701812744
0.29228901863098145
0.9084351062774658
0.19229824841022491
0.003055047011002898
0.9452992081642151
0.024167105555534363
0.0964682325720787
0.10668138414621353
0.00220621470361948
0.04155559092760086
0.4792139530181885
0.41885557770729065
0.15296807885169983
0.07695510983467102
0.9874677062034607
0.9716827273368835
0.9334633350372314
0.9292718172073364
